DATE,TMAX,TMIN,PRCP,SNWD,SNOW
1923-07-01,,,0.0,,
1923-07-02,,,0.0,,
1923-07-03,,,0.0,,
1923-07-04,,,0.0,,
1923-07-05,,,0.0,,
1923-07-06,,,0.0,,
1923-07-07,,,0.0,,
1923-07-08,,,0.0,,
1923-07-09,,,0.0,,
1923-07-10,,,0.0,,
1923-07-11,,,0.0,,
1923-07-12,,,0.0,,
1923-07-13,,,0.0,,
1923-07-14,,,0.0,,
1923-07-15,,,0.0,,
1923-07-16,,,0.0,,
1923-07-17,,,0.0,,
1923-07-18,,,0.0,,
1923-07-19,,,0.0,,
1923-07-20,,,0.0,,
1923-07-21,,,0.0,,
1923-07-22,,,25.0,,
1923-07-23,,,0.0,,
1923-07-24,,,150.0,,
1923-07-25,,,124.0,,
1923-07-26,,,0.0,,
1923-07-27,,,0.0,,
1923-07-28,,,193.0,,
1923-07-29,,,20.0,,
1923-07-30,,,15.0,,
1923-07-31,,,0.0,,
1923-08-01,,,274.0,0.0,0.0
1923-08-02,,,0.0,0.0,0.0
1923-08-03,,,0.0,0.0,0.0
1923-08-04,,,274.0,0.0,0.0
1923-08-05,,,56.0,0.0,0.0
1923-08-06,,,0.0,0.0,0.0
1923-08-07,,,0.0,0.0,0.0
1923-08-08,,,135.0,0.0,0.0
1923-08-09,,,0.0,0.0,0.0
1923-08-10,,,33.0,0.0,0.0
1923-08-11,,,0.0,0.0,0.0
1923-08-12,,,325.0,0.0,0.0
1923-08-13,,,97.0,0.0,0.0
1923-08-14,,,0.0,0.0,0.0
1923-08-15,,,0.0,0.0,0.0
1923-08-16,,,0.0,0.0,0.0
1923-08-17,,,94.0,0.0,0.0
1923-08-18,,,0.0,0.0,0.0
1923-08-19,,,0.0,0.0,0.0
1923-08-20,,,0.0,0.0,0.0
1923-08-21,,,0.0,0.0,0.0
1923-08-22,,,155.0,0.0,0.0
1923-08-23,,,0.0,0.0,0.0
1923-08-24,,,0.0,0.0,0.0
1923-08-25,,,0.0,0.0,0.0
1923-08-26,,,0.0,0.0,0.0
1923-08-27,,,0.0,0.0,0.0
1923-08-28,,,155.0,0.0,0.0
1923-08-29,,,33.0,0.0,0.0
1923-08-30,,,0.0,0.0,0.0
1923-08-31,,,0.0,0.0,0.0
1923-09-01,,,0.0,0.0,0.0
1923-09-02,,,0.0,0.0,0.0
1923-09-03,,,0.0,0.0,0.0
1923-09-04,,,8.0,0.0,0.0
1923-09-05,,,168.0,0.0,0.0
1923-09-06,,,3.0,0.0,0.0
1923-09-07,,,0.0,0.0,0.0
1923-09-08,,,267.0,0.0,0.0
1923-09-09,,,0.0,0.0,0.0
1923-09-10,,,0.0,0.0,0.0
1923-09-11,,,0.0,0.0,0.0
1923-09-12,,,0.0,0.0,0.0
1923-09-13,,,10.0,0.0,0.0
1923-09-14,,,0.0,0.0,0.0
1923-09-15,,,0.0,0.0,0.0
1923-09-16,,,0.0,0.0,0.0
1923-09-17,267.0,211.0,0.0,0.0,0.0
1923-09-18,261.0,,0.0,0.0,0.0
1923-09-19,256.0,178.0,226.0,0.0,0.0
1923-09-20,267.0,156.0,277.0,0.0,0.0
1923-09-21,278.0,156.0,290.0,0.0,0.0
1923-09-22,289.0,133.0,0.0,0.0,0.0
1923-09-23,294.0,117.0,0.0,0.0,0.0
1923-09-24,300.0,144.0,0.0,0.0,0.0
1923-09-25,311.0,117.0,0.0,0.0,0.0
1923-09-26,306.0,100.0,0.0,0.0,0.0
1923-09-27,300.0,122.0,0.0,0.0,0.0
1923-09-28,294.0,94.0,0.0,0.0,0.0
1923-09-29,283.0,122.0,0.0,0.0,0.0
1923-09-30,261.0,111.0,0.0,0.0,0.0
1923-10-01,211.0,44.0,0.0,0.0,0.0
1923-10-02,200.0,28.0,0.0,0.0,0.0
1923-10-03,222.0,39.0,0.0,0.0,0.0
1923-10-04,222.0,22.0,0.0,0.0,0.0
1923-10-05,189.0,0.0,0.0,0.0,0.0
1923-10-06,178.0,-28.0,0.0,0.0,0.0
1923-10-07,189.0,-17.0,0.0,0.0,0.0
1923-10-08,200.0,-28.0,0.0,0.0,0.0
1923-10-09,200.0,-39.0,0.0,0.0,0.0
1923-10-10,211.0,-17.0,0.0,0.0,0.0
1923-10-11,239.0,0.0,0.0,0.0,0.0
1923-10-12,278.0,0.0,0.0,0.0,0.0
1923-10-13,300.0,11.0,0.0,0.0,0.0
1923-10-14,289.0,56.0,0.0,0.0,0.0
1923-10-15,256.0,94.0,0.0,0.0,0.0
1923-10-16,289.0,67.0,0.0,0.0,0.0
1923-10-17,278.0,61.0,0.0,0.0,0.0
1923-10-18,289.0,11.0,0.0,0.0,0.0
1923-10-19,278.0,111.0,66.0,0.0,0.0
1923-10-20,150.0,94.0,10.0,0.0,0.0
1923-10-21,167.0,-39.0,0.0,0.0,0.0
1923-10-22,150.0,0.0,0.0,0.0,0.0
1923-10-23,111.0,-28.0,71.0,0.0,0.0
1923-10-24,50.0,,107.0,0.0,0.0
1923-10-25,111.0,,0.0,0.0,0.0
1923-10-26,144.0,,0.0,0.0,0.0
1923-10-27,189.0,,0.0,0.0,0.0
1923-10-28,183.0,,0.0,0.0,0.0
1923-10-29,217.0,83.0,0.0,0.0,0.0
1923-10-30,211.0,39.0,53.0,0.0,0.0
1923-10-31,133.0,28.0,61.0,0.0,0.0
1923-11-01,100.0,-78.0,0.0,0.0,0.0
1923-11-02,172.0,-72.0,0.0,0.0,0.0
1923-11-03,183.0,-83.0,0.0,0.0,0.0
1923-11-04,156.0,17.0,198.0,0.0,0.0
1923-11-05,144.0,89.0,69.0,0.0,0.0
1923-11-06,111.0,,0.0,0.0,0.0
1923-11-07,111.0,39.0,272.0,0.0,0.0
1923-11-08,89.0,11.0,3.0,0.0,3.0
1923-11-09,61.0,-67.0,0.0,0.0,0.0
1923-11-10,128.0,-78.0,0.0,0.0,0.0
1923-11-11,161.0,-33.0,3.0,0.0,0.0
1923-11-12,156.0,-22.0,0.0,0.0,0.0
1923-11-13,144.0,-11.0,0.0,0.0,0.0
1923-11-14,178.0,-39.0,0.0,0.0,0.0
1923-11-15,133.0,-22.0,0.0,0.0,0.0
1923-11-16,117.0,50.0,13.0,0.0,0.0
1923-11-17,83.0,11.0,36.0,0.0,0.0
1923-11-18,128.0,-11.0,0.0,0.0,0.0
1923-11-19,122.0,-39.0,0.0,0.0,0.0
1923-11-20,172.0,-89.0,0.0,0.0,0.0
1923-11-21,206.0,-6.0,0.0,0.0,0.0
1923-11-22,178.0,78.0,25.0,0.0,0.0
1923-11-23,161.0,44.0,122.0,0.0,0.0
1923-11-24,122.0,39.0,66.0,0.0,0.0
1923-11-25,106.0,-50.0,0.0,0.0,0.0
1923-11-26,128.0,-11.0,20.0,0.0,0.0
1923-11-27,89.0,6.0,38.0,0.0,0.0
1923-11-28,89.0,-72.0,0.0,0.0,0.0
1923-11-29,89.0,-56.0,41.0,0.0,0.0
1923-11-30,139.0,56.0,124.0,0.0,0.0
1923-12-01,83.0,39.0,0.0,0.0,0.0
1923-12-02,128.0,-56.0,0.0,0.0,0.0
1923-12-03,128.0,22.0,0.0,0.0,0.0
1923-12-04,144.0,-11.0,13.0,0.0,0.0
1923-12-05,161.0,61.0,94.0,0.0,0.0
1923-12-06,150.0,-11.0,127.0,0.0,51.0
1923-12-07,106.0,-17.0,0.0,0.0,0.0
1923-12-08,89.0,6.0,0.0,0.0,0.0
1923-12-09,167.0,,0.0,0.0,0.0
1923-12-10,172.0,128.0,76.0,0.0,0.0
1923-12-11,161.0,11.0,36.0,0.0,0.0
1923-12-12,200.0,-89.0,0.0,0.0,0.0
1923-12-13,206.0,56.0,81.0,0.0,0.0
1923-12-14,83.0,-56.0,127.0,25.0,102.0
1923-12-15,39.0,-128.0,0.0,0.0,0.0
1923-12-16,100.0,-61.0,0.0,0.0,0.0
1923-12-17,89.0,-83.0,0.0,0.0,0.0
1923-12-18,144.0,-72.0,0.0,0.0,0.0
1923-12-19,167.0,-72.0,0.0,0.0,0.0
1923-12-20,172.0,6.0,0.0,0.0,0.0
1923-12-21,167.0,100.0,38.0,0.0,0.0
1923-12-22,156.0,106.0,135.0,0.0,0.0
1923-12-23,150.0,89.0,183.0,0.0,0.0
1923-12-24,94.0,-6.0,38.0,0.0,0.0
1923-12-25,39.0,-50.0,15.0,0.0,8.0
1923-12-26,78.0,-50.0,0.0,0.0,0.0
1923-12-27,94.0,6.0,107.0,0.0,0.0
1923-12-28,167.0,56.0,122.0,0.0,0.0
1923-12-29,100.0,-56.0,0.0,0.0,0.0
1923-12-30,167.0,-56.0,23.0,0.0,0.0
1923-12-31,189.0,94.0,312.0,0.0,0.0
1924-01-01,183.0,-39.0,61.0,0.0,0.0
1924-01-02,28.0,-83.0,33.0,0.0,0.0
1924-01-03,150.0,11.0,384.0,0.0,0.0
1924-01-04,22.0,-83.0,0.0,0.0,0.0
1924-01-05,11.0,-156.0,0.0,0.0,0.0
1924-01-06,-89.0,,0.0,0.0,0.0
1924-01-07,11.0,-128.0,0.0,0.0,0.0
1924-01-08,89.0,-122.0,0.0,0.0,0.0
1924-01-09,156.0,-89.0,0.0,0.0,0.0
1924-01-10,183.0,-61.0,0.0,0.0,0.0
1924-01-11,161.0,6.0,229.0,0.0,0.0
1924-01-12,56.0,-11.0,0.0,0.0,0.0
1924-01-13,33.0,-67.0,0.0,0.0,0.0
1924-01-14,17.0,-111.0,0.0,0.0,0.0
1924-01-15,78.0,-128.0,0.0,0.0,0.0
1924-01-16,100.0,-6.0,312.0,0.0,0.0
1924-01-17,106.0,6.0,0.0,0.0,0.0
1924-01-18,78.0,-22.0,0.0,0.0,0.0
1924-01-19,139.0,-56.0,0.0,0.0,0.0
1924-01-20,111.0,-39.0,0.0,0.0,0.0
1924-01-21,-39.0,-178.0,0.0,0.0,0.0
1924-01-22,11.0,-156.0,0.0,0.0,0.0
1924-01-23,78.0,-39.0,0.0,0.0,0.0
1924-01-24,61.0,-94.0,15.0,0.0,0.0
1924-01-25,67.0,11.0,226.0,0.0,0.0
1924-01-26,11.0,-144.0,0.0,0.0,0.0
1924-01-27,-33.0,-156.0,0.0,0.0,0.0
1924-01-28,100.0,-122.0,0.0,0.0,0.0
1924-01-29,106.0,-50.0,0.0,0.0,0.0
1924-01-30,111.0,-6.0,25.0,0.0,0.0
1924-01-31,89.0,0.0,0.0,0.0,0.0
1924-02-01,111.0,-28.0,3.0,0.0,0.0
1924-02-02,83.0,-28.0,0.0,0.0,0.0
1924-02-03,183.0,-17.0,0.0,0.0,0.0
1924-02-04,222.0,-22.0,0.0,0.0,0.0
1924-02-05,183.0,61.0,46.0,0.0,0.0
1924-02-06,89.0,-39.0,25.0,0.0,25.0
1924-02-07,-28.0,-67.0,3.0,0.0,0.0
1924-02-08,-33.0,-83.0,0.0,0.0,0.0
1924-02-09,28.0,-94.0,0.0,0.0,0.0
1924-02-10,22.0,-33.0,81.0,51.0,76.0
1924-02-11,56.0,-178.0,0.0,25.0,0.0
1924-02-12,33.0,-11.0,74.0,127.0,152.0
1924-02-13,6.0,-39.0,23.0,76.0,13.0
1924-02-14,44.0,-33.0,13.0,51.0,64.0
1924-02-15,50.0,-83.0,0.0,51.0,0.0
1924-02-16,28.0,-144.0,0.0,25.0,0.0
1924-02-17,33.0,-28.0,46.0,25.0,0.0
1924-02-18,50.0,-22.0,117.0,25.0,0.0
1924-02-19,61.0,6.0,124.0,0.0,0.0
1924-02-20,61.0,-28.0,254.0,0.0,13.0
1924-02-21,-22.0,-78.0,76.0,76.0,
1924-02-22,-6.0,-78.0,0.0,76.0,0.0
1924-02-23,28.0,-128.0,0.0,51.0,0.0
1924-02-24,28.0,-117.0,10.0,25.0,0.0
1924-02-25,33.0,-6.0,23.0,0.0,0.0
1924-02-26,61.0,-6.0,0.0,0.0,0.0
1924-02-27,111.0,-6.0,0.0,0.0,0.0
1924-02-28,111.0,-94.0,0.0,0.0,0.0
1924-02-29,89.0,-56.0,0.0,0.0,0.0
1924-03-01,167.0,-44.0,0.0,0.0,0.0
1924-03-02,156.0,-50.0,15.0,0.0,0.0
1924-03-03,128.0,-33.0,0.0,0.0,0.0
1924-03-04,194.0,-44.0,0.0,0.0,0.0
1924-03-05,139.0,-56.0,64.0,0.0,0.0
1924-03-06,139.0,22.0,0.0,0.0,0.0
1924-03-07,111.0,-22.0,0.0,0.0,0.0
1924-03-08,39.0,-28.0,0.0,0.0,0.0
1924-03-09,89.0,-106.0,0.0,0.0,0.0
1924-03-10,72.0,6.0,58.0,0.0,0.0
1924-03-11,22.0,-33.0,163.0,51.0,203.0
1924-03-12,22.0,0.0,41.0,25.0,51.0
1924-03-13,44.0,-39.0,0.0,0.0,0.0
1924-03-14,22.0,-56.0,0.0,0.0,0.0
1924-03-15,17.0,-56.0,0.0,0.0,0.0
1924-03-16,56.0,-33.0,0.0,0.0,0.0
1924-03-17,100.0,-100.0,0.0,0.0,0.0
1924-03-18,100.0,-33.0,0.0,0.0,0.0
1924-03-19,111.0,-28.0,8.0,0.0,0.0
1924-03-20,133.0,-72.0,0.0,0.0,0.0
1924-03-21,100.0,17.0,130.0,0.0,0.0
1924-03-22,50.0,-17.0,0.0,0.0,0.0
1924-03-23,89.0,6.0,20.0,0.0,0.0
1924-03-24,111.0,6.0,0.0,0.0,0.0
1924-03-25,94.0,-6.0,0.0,0.0,0.0
1924-03-26,100.0,17.0,188.0,0.0,0.0
1924-03-27,150.0,17.0,48.0,0.0,0.0
1924-03-28,217.0,-11.0,0.0,0.0,0.0
1924-03-29,261.0,111.0,343.0,0.0,0.0
1924-03-30,256.0,50.0,0.0,0.0,0.0
1924-03-31,139.0,-6.0,0.0,0.0,0.0
1924-04-01,83.0,-6.0,107.0,76.0,203.0
1924-04-02,56.0,-50.0,15.0,0.0,0.0
1924-04-03,167.0,-78.0,0.0,0.0,0.0
1924-04-04,183.0,-44.0,0.0,0.0,0.0
1924-04-05,183.0,17.0,0.0,0.0,0.0
1924-04-06,161.0,17.0,107.0,0.0,0.0
1924-04-07,61.0,-11.0,43.0,0.0,0.0
1924-04-08,167.0,-33.0,0.0,0.0,0.0
1924-04-09,200.0,39.0,23.0,0.0,0.0
1924-04-10,200.0,33.0,0.0,0.0,0.0
1924-04-11,150.0,-39.0,0.0,0.0,0.0
1924-04-12,233.0,-39.0,0.0,0.0,0.0
1924-04-13,222.0,0.0,0.0,0.0,0.0
1924-04-14,244.0,33.0,0.0,0.0,0.0
1924-04-15,256.0,39.0,0.0,0.0,0.0
1924-04-16,283.0,94.0,0.0,0.0,0.0
1924-04-17,278.0,100.0,13.0,0.0,0.0
1924-04-18,183.0,67.0,94.0,0.0,0.0
1924-04-19,167.0,0.0,3.0,0.0,0.0
1924-04-20,156.0,-61.0,43.0,0.0,0.0
1924-04-21,256.0,100.0,13.0,0.0,0.0
1924-04-22,256.0,6.0,25.0,0.0,0.0
1924-04-23,172.0,22.0,0.0,0.0,0.0
1924-04-24,256.0,106.0,0.0,0.0,0.0
1924-04-25,256.0,28.0,0.0,0.0,0.0
1924-04-26,217.0,0.0,0.0,0.0,0.0
1924-04-27,233.0,0.0,0.0,0.0,0.0
1924-04-28,239.0,28.0,305.0,0.0,0.0
1924-04-29,189.0,-39.0,71.0,0.0,0.0
1924-04-30,217.0,-11.0,132.0,0.0,0.0
1924-05-01,150.0,,97.0,0.0,0.0
1924-05-02,200.0,,0.0,0.0,0.0
1924-05-03,222.0,,5.0,0.0,0.0
1924-05-04,167.0,,114.0,0.0,0.0
1924-05-05,239.0,,0.0,0.0,0.0
1924-05-06,317.0,,0.0,0.0,0.0
1924-05-07,328.0,,10.0,0.0,0.0
1924-05-08,306.0,,0.0,0.0,0.0
1924-05-09,256.0,,119.0,0.0,0.0
1924-05-10,206.0,,0.0,0.0,0.0
1924-05-11,172.0,,160.0,0.0,0.0
1924-05-12,156.0,,610.0,0.0,0.0
1924-05-13,222.0,,0.0,0.0,0.0
1924-05-14,222.0,,137.0,0.0,0.0
1924-05-15,167.0,,0.0,0.0,0.0
1924-05-16,178.0,,20.0,0.0,0.0
1924-05-17,222.0,,0.0,0.0,0.0
1924-05-18,239.0,,99.0,0.0,0.0
1924-05-19,228.0,,0.0,0.0,0.0
1924-05-20,206.0,,81.0,0.0,0.0
1924-05-21,172.0,,124.0,0.0,0.0
1924-05-22,200.0,,0.0,0.0,0.0
1924-05-23,267.0,,0.0,0.0,0.0
1924-05-24,267.0,,71.0,0.0,0.0
1924-05-25,156.0,,0.0,0.0,0.0
1924-05-26,206.0,,8.0,0.0,0.0
1924-05-27,222.0,,71.0,0.0,0.0
1924-05-28,228.0,,5.0,0.0,0.0
1924-05-29,228.0,,183.0,0.0,0.0
1924-05-30,200.0,,0.0,0.0,0.0
1924-05-31,222.0,,0.0,0.0,0.0
1924-06-01,222.0,61.0,3.0,0.0,0.0
1924-06-02,233.0,100.0,18.0,0.0,0.0
1924-06-03,211.0,111.0,0.0,0.0,0.0
1924-06-04,222.0,128.0,0.0,0.0,0.0
1924-06-05,261.0,67.0,0.0,0.0,0.0
1924-06-06,283.0,122.0,41.0,0.0,0.0
1924-06-07,289.0,100.0,0.0,0.0,0.0
1924-06-08,289.0,128.0,239.0,0.0,0.0
1924-06-09,261.0,178.0,254.0,0.0,0.0
1924-06-10,294.0,144.0,0.0,0.0,0.0
1924-06-11,244.0,111.0,36.0,0.0,0.0
1924-06-12,283.0,122.0,0.0,0.0,0.0
1924-06-13,283.0,122.0,8.0,0.0,0.0
1924-06-14,283.0,139.0,0.0,0.0,0.0
1924-06-15,294.0,94.0,0.0,0.0,0.0
1924-06-16,294.0,150.0,3.0,0.0,0.0
1924-06-17,306.0,133.0,0.0,0.0,0.0
1924-06-18,317.0,144.0,0.0,0.0,0.0
1924-06-19,339.0,156.0,91.0,0.0,0.0
1924-06-20,339.0,183.0,0.0,0.0,0.0
1924-06-21,344.0,200.0,33.0,0.0,0.0
1924-06-22,311.0,156.0,38.0,0.0,0.0
1924-06-23,311.0,167.0,43.0,0.0,0.0
1924-06-24,317.0,161.0,13.0,0.0,0.0
1924-06-25,317.0,172.0,0.0,0.0,0.0
1924-06-26,300.0,139.0,0.0,0.0,0.0
1924-06-27,306.0,139.0,251.0,0.0,0.0
1924-06-28,317.0,150.0,0.0,0.0,0.0
1924-06-29,322.0,183.0,152.0,0.0,0.0
1924-06-30,294.0,117.0,0.0,0.0,0.0
1924-07-01,250.0,117.0,0.0,0.0,0.0
1924-07-02,250.0,89.0,0.0,0.0,0.0
1924-07-03,278.0,83.0,0.0,0.0,0.0
1924-07-04,278.0,122.0,66.0,0.0,0.0
1924-07-05,289.0,139.0,86.0,0.0,0.0
1924-07-06,311.0,161.0,28.0,0.0,0.0
1924-07-07,294.0,178.0,76.0,0.0,0.0
1924-07-08,289.0,178.0,104.0,0.0,0.0
1924-07-09,322.0,,0.0,0.0,0.0
1924-07-10,311.0,144.0,79.0,0.0,0.0
1924-07-11,306.0,128.0,0.0,0.0,0.0
1924-07-12,333.0,128.0,0.0,0.0,0.0
1924-07-13,333.0,83.0,165.0,0.0,0.0
1924-07-14,322.0,83.0,8.0,0.0,0.0
1924-07-15,322.0,128.0,0.0,0.0,0.0
1924-07-16,294.0,144.0,0.0,0.0,0.0
1924-07-17,300.0,128.0,0.0,0.0,0.0
1924-07-18,261.0,67.0,0.0,0.0,0.0
1924-07-19,300.0,111.0,0.0,0.0,0.0
1924-07-20,317.0,100.0,0.0,0.0,0.0
1924-07-21,339.0,122.0,104.0,0.0,0.0
1924-07-22,333.0,172.0,8.0,0.0,0.0
1924-07-23,311.0,189.0,180.0,0.0,0.0
1924-07-24,322.0,144.0,0.0,0.0,0.0
1924-07-25,311.0,167.0,0.0,0.0,0.0
1924-07-26,267.0,133.0,0.0,0.0,0.0
1924-07-27,311.0,100.0,0.0,0.0,0.0
1924-07-28,328.0,106.0,0.0,0.0,0.0
1924-07-29,333.0,106.0,0.0,0.0,0.0
1924-07-30,317.0,133.0,0.0,0.0,0.0
1924-07-31,333.0,183.0,130.0,0.0,0.0
1924-08-01,278.0,178.0,84.0,0.0,0.0
1924-08-02,311.0,139.0,0.0,0.0,0.0
1924-08-03,306.0,144.0,0.0,0.0,0.0
1924-08-04,317.0,156.0,0.0,0.0,0.0
1924-08-05,344.0,156.0,0.0,0.0,0.0
1924-08-06,356.0,178.0,0.0,0.0,0.0
1924-08-07,350.0,183.0,84.0,0.0,0.0
1924-08-08,322.0,183.0,0.0,0.0,0.0
1924-08-09,322.0,156.0,0.0,0.0,0.0
1924-08-10,317.0,144.0,0.0,0.0,0.0
1924-08-11,306.0,122.0,0.0,0.0,0.0
1924-08-12,300.0,139.0,94.0,0.0,0.0
1924-08-13,306.0,133.0,0.0,0.0,0.0
1924-08-14,294.0,106.0,0.0,0.0,0.0
1924-08-15,300.0,67.0,0.0,0.0,0.0
1924-08-16,289.0,117.0,0.0,0.0,0.0
1924-08-17,272.0,178.0,109.0,0.0,0.0
1924-08-18,261.0,78.0,0.0,0.0,0.0
1924-08-19,311.0,78.0,0.0,0.0,0.0
1924-08-20,289.0,161.0,572.0,0.0,0.0
1924-08-21,339.0,167.0,0.0,0.0,0.0
1924-08-22,333.0,172.0,0.0,0.0,0.0
1924-08-23,328.0,194.0,272.0,0.0,0.0
1924-08-24,333.0,183.0,0.0,0.0,0.0
1924-08-25,311.0,178.0,384.0,0.0,0.0
1924-08-26,278.0,167.0,0.0,0.0,0.0
1924-08-27,317.0,122.0,0.0,0.0,0.0
1924-08-28,311.0,144.0,0.0,0.0,0.0
1924-08-29,306.0,122.0,0.0,0.0,0.0
1924-08-30,344.0,122.0,0.0,0.0,0.0
1924-08-31,344.0,156.0,0.0,0.0,0.0
1924-09-01,344.0,156.0,0.0,0.0,0.0
1924-09-02,278.0,150.0,152.0,0.0,0.0
1924-09-03,222.0,94.0,0.0,0.0,0.0
1924-09-04,250.0,67.0,0.0,0.0,0.0
1924-09-05,244.0,94.0,56.0,0.0,0.0
1924-09-06,200.0,17.0,0.0,0.0,0.0
1924-09-07,228.0,22.0,0.0,0.0,0.0
1924-09-08,278.0,78.0,8.0,0.0,0.0
1924-09-09,239.0,133.0,61.0,0.0,0.0
1924-09-10,156.0,67.0,0.0,0.0,0.0
1924-09-11,239.0,17.0,0.0,0.0,0.0
1924-09-12,306.0,83.0,0.0,0.0,0.0
1924-09-13,294.0,183.0,56.0,0.0,0.0
1924-09-14,239.0,106.0,0.0,0.0,0.0
1924-09-15,256.0,78.0,0.0,0.0,0.0
1924-09-16,261.0,100.0,0.0,0.0,0.0
1924-09-17,256.0,117.0,0.0,0.0,0.0
1924-09-18,239.0,111.0,38.0,0.0,0.0
1924-09-19,272.0,144.0,30.0,0.0,0.0
1924-09-20,272.0,144.0,97.0,0.0,0.0
1924-09-21,267.0,133.0,15.0,0.0,0.0
1924-09-22,267.0,156.0,173.0,0.0,0.0
1924-09-23,239.0,39.0,0.0,0.0,0.0
1924-09-24,222.0,28.0,0.0,0.0,0.0
1924-09-25,239.0,50.0,0.0,0.0,0.0
1924-09-26,239.0,50.0,0.0,0.0,0.0
1924-09-27,267.0,128.0,5.0,0.0,0.0
1924-09-28,233.0,100.0,23.0,0.0,0.0
1924-09-29,206.0,117.0,305.0,0.0,0.0
1924-09-30,122.0,67.0,307.0,0.0,0.0
1924-10-01,250.0,22.0,0.0,0.0,0.0
1924-10-02,256.0,0.0,0.0,0.0,0.0
1924-10-03,278.0,17.0,0.0,0.0,0.0
1924-10-04,267.0,39.0,0.0,0.0,0.0
1924-10-05,278.0,78.0,0.0,0.0,0.0
1924-10-06,272.0,106.0,0.0,0.0,0.0
1924-10-07,272.0,106.0,0.0,0.0,0.0
1924-10-08,239.0,78.0,0.0,0.0,0.0
1924-10-09,228.0,-11.0,0.0,0.0,0.0
1924-10-10,244.0,0.0,0.0,0.0,0.0
1924-10-11,256.0,0.0,0.0,0.0,0.0
1924-10-12,261.0,-11.0,0.0,0.0,0.0
1924-10-13,239.0,61.0,0.0,0.0,0.0
1924-10-14,256.0,6.0,0.0,0.0,0.0
1924-10-15,256.0,44.0,0.0,0.0,0.0
1924-10-16,256.0,17.0,0.0,0.0,0.0
1924-10-17,256.0,39.0,0.0,0.0,0.0
1924-10-18,250.0,33.0,0.0,0.0,0.0
1924-10-19,250.0,50.0,0.0,0.0,0.0
1924-10-20,239.0,50.0,0.0,0.0,0.0
1924-10-21,183.0,-44.0,0.0,0.0,0.0
1924-10-22,89.0,28.0,0.0,0.0,0.0
1924-10-23,183.0,-67.0,0.0,0.0,0.0
1924-10-24,183.0,-56.0,0.0,0.0,0.0
1924-10-25,222.0,-33.0,0.0,0.0,0.0
1924-10-26,222.0,-22.0,0.0,0.0,0.0
1924-10-27,211.0,83.0,71.0,0.0,0.0
1924-10-28,183.0,83.0,23.0,0.0,0.0
1924-10-29,211.0,-6.0,0.0,0.0,0.0
1924-10-30,250.0,-33.0,0.0,0.0,0.0
1924-10-31,211.0,0.0,0.0,0.0,0.0
1924-11-01,211.0,50.0,33.0,,0.0
1924-11-02,200.0,-6.0,0.0,,0.0
1924-11-03,172.0,-61.0,0.0,,0.0
1924-11-04,217.0,-22.0,0.0,,0.0
1924-11-05,239.0,11.0,0.0,,0.0
1924-11-06,239.0,17.0,0.0,,0.0
1924-11-07,239.0,11.0,0.0,,0.0
1924-11-08,211.0,56.0,0.0,,0.0
1924-11-09,100.0,39.0,33.0,,0.0
1924-11-10,183.0,17.0,0.0,,0.0
1924-11-11,228.0,-44.0,0.0,,0.0
1924-11-12,211.0,17.0,0.0,,0.0
1924-11-13,200.0,56.0,0.0,,0.0
1924-11-14,200.0,89.0,30.0,,0.0
1924-11-15,89.0,0.0,251.0,,0.0
1924-11-16,100.0,28.0,10.0,,0.0
1924-11-17,89.0,-94.0,0.0,,0.0
1924-11-18,6.0,-44.0,25.0,25.0,51.0
1924-11-19,17.0,-94.0,0.0,0.0,0.0
1924-11-20,139.0,-94.0,0.0,,0.0
1924-11-21,167.0,-44.0,0.0,,0.0
1924-11-22,156.0,44.0,117.0,,0.0
1924-11-23,67.0,11.0,0.0,,0.0
1924-11-24,89.0,28.0,13.0,,0.0
1924-11-25,72.0,-6.0,0.0,,0.0
1924-11-26,100.0,-111.0,0.0,,0.0
1924-11-27,100.0,-67.0,0.0,,0.0
1924-11-28,89.0,-94.0,0.0,,0.0
1924-11-29,67.0,-28.0,25.0,,51.0
1924-11-30,-6.0,-61.0,36.0,76.0,51.0
1924-12-01,-22.0,-100.0,0.0,51.0,0.0
1924-12-02,11.0,-178.0,0.0,25.0,0.0
1924-12-03,28.0,-128.0,20.0,,0.0
1924-12-04,56.0,0.0,13.0,,0.0
1924-12-05,167.0,-22.0,122.0,,0.0
1924-12-06,139.0,33.0,0.0,,0.0
1924-12-07,172.0,67.0,56.0,,0.0
1924-12-08,211.0,83.0,76.0,,0.0
1924-12-09,156.0,28.0,0.0,,0.0
1924-12-10,39.0,-33.0,0.0,,0.0
1924-12-11,50.0,-39.0,0.0,,0.0
1924-12-12,94.0,-56.0,0.0,,0.0
1924-12-13,111.0,50.0,43.0,,0.0
1924-12-14,56.0,-33.0,0.0,,0.0
1924-12-15,28.0,-100.0,0.0,,0.0
1924-12-16,183.0,-33.0,0.0,,0.0
1924-12-17,194.0,133.0,25.0,,0.0
1924-12-18,228.0,61.0,0.0,,0.0
1924-12-19,167.0,28.0,43.0,,0.0
1924-12-20,28.0,-78.0,0.0,,0.0
1924-12-21,-78.0,-128.0,0.0,,0.0
1924-12-22,-44.0,-161.0,0.0,,0.0
1924-12-23,67.0,-139.0,0.0,,0.0
1924-12-24,61.0,11.0,157.0,,0.0
1924-12-25,11.0,-111.0,23.0,25.0,25.0
1924-12-26,0.0,-194.0,0.0,25.0,0.0
1924-12-27,28.0,-161.0,0.0,,0.0
1924-12-28,22.0,-139.0,0.0,,0.0
1924-12-29,78.0,-172.0,0.0,,0.0
1924-12-30,78.0,-22.0,8.0,,0.0
1924-12-31,44.0,6.0,5.0,,0.0
1925-01-01,72.0,-11.0,25.0,,0.0
1925-01-02,56.0,28.0,33.0,,0.0
1925-01-03,44.0,11.0,8.0,,0.0
1925-01-04,44.0,0.0,0.0,,0.0
1925-01-05,89.0,-6.0,0.0,,0.0
1925-01-06,89.0,-44.0,0.0,,0.0
1925-01-07,144.0,-44.0,0.0,,0.0
1925-01-08,150.0,-83.0,0.0,,0.0
1925-01-09,67.0,-111.0,0.0,,0.0
1925-01-10,33.0,11.0,8.0,,0.0
1925-01-11,44.0,6.0,51.0,,0.0
1925-01-12,72.0,22.0,38.0,,0.0
1925-01-13,56.0,-28.0,33.0,,0.0
1925-01-14,33.0,-56.0,0.0,,0.0
1925-01-15,78.0,-111.0,0.0,,0.0
1925-01-16,94.0,-44.0,79.0,,0.0
1925-01-17,100.0,44.0,145.0,,0.0
1925-01-18,56.0,0.0,10.0,,0.0
1925-01-19,44.0,0.0,0.0,,0.0
1925-01-20,33.0,11.0,315.0,,0.0
1925-01-21,111.0,-72.0,0.0,,0.0
1925-01-22,89.0,-44.0,0.0,,0.0
1925-01-23,78.0,-111.0,0.0,,0.0
1925-01-24,111.0,-122.0,0.0,,0.0
1925-01-25,150.0,-56.0,0.0,,0.0
1925-01-26,111.0,-11.0,104.0,,0.0
1925-01-27,111.0,-111.0,279.0,,305.0
1925-01-28,6.0,-256.0,0.0,,0.0
1925-01-29,6.0,-167.0,99.0,,122.0
1925-01-30,22.0,-72.0,8.0,,10.0
1925-01-31,106.0,-189.0,0.0,,0.0
1925-02-01,111.0,-6.0,0.0,,
1925-02-02,56.0,17.0,91.0,,
1925-02-03,56.0,-61.0,3.0,,
1925-02-04,50.0,-17.0,0.0,,
1925-02-05,139.0,-117.0,0.0,,
1925-02-06,194.0,-72.0,0.0,,
1925-02-07,194.0,-33.0,0.0,,
1925-02-08,233.0,-33.0,0.0,,
1925-02-09,,17.0,3.0,,
1925-02-10,,,,,
1925-02-11,222.0,,74.0,,
1925-02-12,44.0,-72.0,51.0,,0.0
1925-02-13,,-100.0,0.0,,
1925-02-14,56.0,-61.0,5.0,,
1925-02-15,106.0,50.0,216.0,,
1925-02-16,122.0,-33.0,5.0,,
1925-02-17,122.0,-44.0,0.0,,
1925-02-18,111.0,-100.0,0.0,,
1925-02-19,133.0,-78.0,0.0,,
1925-02-20,161.0,-72.0,0.0,,
1925-02-21,150.0,-61.0,0.0,,
1925-02-22,217.0,67.0,0.0,,
1925-02-23,211.0,144.0,5.0,,
1925-02-24,183.0,50.0,53.0,,
1925-02-25,189.0,17.0,0.0,,
1925-02-26,183.0,-44.0,109.0,,0.0
1925-02-27,,-100.0,0.0,,
1925-02-28,,-156.0,0.0,,
1925-03-01,83.0,-100.0,165.0,,5.0
1925-03-02,-56.0,-94.0,5.0,,0.0
1925-03-03,17.0,-172.0,0.0,,0.0
1925-03-04,83.0,-89.0,0.0,,0.0
1925-03-05,83.0,0.0,0.0,,0.0
1925-03-06,144.0,-72.0,0.0,,0.0
1925-03-07,222.0,-50.0,0.0,,0.0
1925-03-08,239.0,-11.0,0.0,,0.0
1925-03-09,233.0,50.0,0.0,,0.0
1925-03-10,250.0,44.0,0.0,,0.0
1925-03-11,222.0,44.0,30.0,,0.0
1925-03-12,139.0,6.0,89.0,,0.0
1925-03-13,206.0,-44.0,20.0,,0.0
1925-03-14,206.0,100.0,43.0,,0.0
1925-03-15,111.0,-17.0,0.0,,0.0
1925-03-16,172.0,-100.0,0.0,,0.0
1925-03-17,161.0,50.0,43.0,,0.0
1925-03-18,206.0,-11.0,41.0,,0.0
1925-03-19,167.0,67.0,81.0,,0.0
1925-03-20,128.0,6.0,0.0,,0.0
1925-03-21,206.0,-61.0,0.0,,0.0
1925-03-22,206.0,-28.0,0.0,,0.0
1925-03-23,150.0,-56.0,0.0,,0.0
1925-03-24,239.0,-44.0,0.0,,0.0
1925-03-25,233.0,28.0,0.0,,0.0
1925-03-26,256.0,17.0,0.0,,0.0
1925-03-27,244.0,61.0,66.0,,0.0
1925-03-28,72.0,6.0,86.0,,0.0
1925-03-29,67.0,-11.0,13.0,,0.0
1925-03-30,28.0,-11.0,10.0,,0.0
1925-03-31,83.0,11.0,13.0,,0.0
1925-04-01,83.0,-44.0,,,0.0
1925-04-02,83.0,0.0,15.0,,0.0
1925-04-03,161.0,-17.0,0.0,,0.0
1925-04-04,194.0,-39.0,0.0,,0.0
1925-04-05,167.0,-44.0,0.0,,0.0
1925-04-06,206.0,-61.0,0.0,,0.0
1925-04-07,239.0,-61.0,0.0,,0.0
1925-04-08,244.0,-33.0,0.0,,0.0
1925-04-09,256.0,-22.0,0.0,,0.0
1925-04-10,261.0,89.0,51.0,,0.0
1925-04-11,217.0,33.0,25.0,,0.0
1925-04-12,233.0,33.0,3.0,,0.0
1925-04-13,294.0,11.0,0.0,,0.0
1925-04-14,294.0,83.0,18.0,,0.0
1925-04-15,250.0,50.0,3.0,,0.0
1925-04-16,228.0,-22.0,0.0,,0.0
1925-04-17,183.0,-28.0,13.0,,0.0
1925-04-18,244.0,56.0,0.0,,0.0
1925-04-19,278.0,89.0,58.0,,0.0
1925-04-20,278.0,67.0,0.0,,0.0
1925-04-21,239.0,-6.0,0.0,,0.0
1925-04-22,222.0,106.0,84.0,,0.0
1925-04-23,317.0,117.0,0.0,,0.0
1925-04-24,350.0,89.0,0.0,,0.0
1925-04-25,350.0,117.0,0.0,,0.0
1925-04-26,278.0,78.0,5.0,,0.0
1925-04-27,278.0,83.0,5.0,,0.0
1925-04-28,250.0,28.0,251.0,,0.0
1925-04-29,139.0,28.0,0.0,,0.0
1925-04-30,156.0,11.0,30.0,,0.0
1925-05-01,122.0,28.0,97.0,,0.0
1925-05-02,161.0,22.0,8.0,,0.0
1925-05-03,189.0,-6.0,0.0,,0.0
1925-05-04,189.0,61.0,56.0,,0.0
1925-05-05,172.0,39.0,8.0,,0.0
1925-05-06,144.0,22.0,53.0,,0.0
1925-05-07,156.0,11.0,0.0,,0.0
1925-05-08,206.0,-28.0,0.0,,0.0
1925-05-09,211.0,28.0,8.0,,0.0
1925-05-10,278.0,94.0,58.0,,0.0
1925-05-11,250.0,117.0,457.0,,0.0
1925-05-12,211.0,33.0,0.0,,0.0
1925-05-13,267.0,17.0,0.0,,0.0
1925-05-14,267.0,83.0,0.0,,0.0
1925-05-15,250.0,44.0,0.0,,0.0
1925-05-16,311.0,44.0,0.0,,0.0
1925-05-17,306.0,172.0,43.0,,0.0
1925-05-18,239.0,78.0,0.0,,0.0
1925-05-19,239.0,6.0,0.0,,0.0
1925-05-20,278.0,11.0,0.0,,0.0
1925-05-21,283.0,67.0,0.0,,0.0
1925-05-22,311.0,111.0,3.0,,0.0
1925-05-23,333.0,150.0,0.0,,0.0
1925-05-24,328.0,133.0,229.0,,0.0
1925-05-25,156.0,22.0,23.0,,0.0
1925-05-26,144.0,50.0,0.0,,0.0
1925-05-27,217.0,-6.0,0.0,,0.0
1925-05-28,267.0,61.0,0.0,,0.0
1925-05-29,272.0,67.0,0.0,,0.0
1925-05-30,278.0,83.0,0.0,,0.0
1925-05-31,294.0,67.0,0.0,,0.0
1925-06-01,339.0,72.0,0.0,,0.0
1925-06-02,350.0,128.0,0.0,,0.0
1925-06-03,356.0,139.0,0.0,,0.0
1925-06-04,367.0,139.0,0.0,,0.0
1925-06-05,378.0,139.0,0.0,,0.0
1925-06-06,361.0,156.0,0.0,,0.0
1925-06-07,267.0,172.0,91.0,,0.0
1925-06-08,344.0,161.0,0.0,,0.0
1925-06-09,339.0,161.0,180.0,,0.0
1925-06-10,311.0,139.0,0.0,,0.0
1925-06-11,278.0,50.0,0.0,,0.0
1925-06-12,339.0,78.0,0.0,,0.0
1925-06-13,344.0,78.0,0.0,,0.0
1925-06-14,344.0,78.0,13.0,,0.0
1925-06-15,350.0,156.0,0.0,,0.0
1925-06-16,344.0,194.0,112.0,,0.0
1925-06-17,322.0,144.0,36.0,,0.0
1925-06-18,317.0,178.0,178.0,,0.0
1925-06-19,300.0,156.0,0.0,,0.0
1925-06-20,311.0,122.0,0.0,,0.0
1925-06-21,317.0,139.0,0.0,,0.0
1925-06-22,311.0,117.0,0.0,,0.0
1925-06-23,278.0,167.0,30.0,,0.0
1925-06-24,239.0,139.0,208.0,,0.0
1925-06-25,261.0,161.0,140.0,,0.0
1925-06-26,267.0,128.0,53.0,,0.0
1925-06-27,306.0,100.0,0.0,,0.0
1925-06-28,317.0,133.0,0.0,,0.0
1925-06-29,300.0,128.0,8.0,,0.0
1925-06-30,272.0,156.0,0.0,,0.0
1925-07-01,311.0,56.0,0.0,,0.0
1925-07-02,344.0,122.0,0.0,,0.0
1925-07-03,322.0,111.0,455.0,,0.0
1925-07-04,350.0,117.0,0.0,,0.0
1925-07-05,339.0,100.0,51.0,,0.0
1925-07-06,350.0,106.0,0.0,,0.0
1925-07-07,361.0,244.0,0.0,,0.0
1925-07-08,339.0,239.0,99.0,,0.0
1925-07-09,350.0,250.0,64.0,,0.0
1925-07-10,300.0,217.0,58.0,,0.0
1925-07-11,328.0,222.0,0.0,,0.0
1925-07-12,339.0,244.0,152.0,,0.0
1925-07-13,333.0,222.0,386.0,,0.0
1925-07-14,306.0,217.0,0.0,,0.0
1925-07-15,294.0,156.0,0.0,,0.0
1925-07-16,333.0,133.0,0.0,,0.0
1925-07-17,322.0,111.0,66.0,,0.0
1925-07-18,317.0,117.0,51.0,,0.0
1925-07-19,289.0,94.0,0.0,,0.0
1925-07-20,294.0,117.0,33.0,,0.0
1925-07-21,261.0,172.0,312.0,,0.0
1925-07-22,289.0,189.0,168.0,,0.0
1925-07-23,289.0,122.0,0.0,,0.0
1925-07-24,311.0,133.0,0.0,,0.0
1925-07-25,317.0,144.0,0.0,,0.0
1925-07-26,322.0,167.0,0.0,,0.0
1925-07-27,289.0,144.0,0.0,,0.0
1925-07-28,267.0,139.0,5.0,,0.0
1925-07-29,256.0,56.0,0.0,,0.0
1925-07-30,272.0,61.0,0.0,,0.0
1925-07-31,261.0,150.0,84.0,,0.0
1925-08-01,261.0,144.0,0.0,,0.0
1925-08-02,283.0,94.0,0.0,,0.0
1925-08-03,306.0,106.0,0.0,,0.0
1925-08-04,294.0,111.0,0.0,,0.0
1925-08-05,289.0,128.0,0.0,,0.0
1925-08-06,306.0,133.0,0.0,,0.0
1925-08-07,322.0,117.0,0.0,,0.0
1925-08-08,328.0,139.0,8.0,,0.0
1925-08-09,306.0,167.0,13.0,,0.0
1925-08-10,350.0,150.0,0.0,,0.0
1925-08-11,350.0,161.0,18.0,,0.0
1925-08-12,300.0,161.0,58.0,,0.0
1925-08-13,328.0,178.0,66.0,,0.0
1925-08-14,333.0,167.0,185.0,,0.0
1925-08-15,322.0,150.0,0.0,,0.0
1925-08-16,328.0,128.0,0.0,,0.0
1925-08-17,344.0,128.0,0.0,,0.0
1925-08-18,344.0,133.0,0.0,,0.0
1925-08-19,339.0,161.0,0.0,,0.0
1925-08-20,333.0,161.0,18.0,,0.0
1925-08-21,261.0,167.0,46.0,,0.0
1925-08-22,272.0,56.0,0.0,,0.0
1925-08-23,306.0,44.0,0.0,,0.0
1925-08-24,311.0,44.0,0.0,,0.0
1925-08-25,306.0,44.0,0.0,,0.0
1925-08-26,328.0,50.0,0.0,,0.0
1925-08-27,333.0,100.0,0.0,,0.0
1925-08-28,317.0,117.0,0.0,,0.0
1925-08-29,344.0,111.0,0.0,,0.0
1925-08-30,356.0,128.0,0.0,,0.0
1925-08-31,350.0,144.0,53.0,,0.0
1925-09-01,322.0,117.0,18.0,,0.0
1925-09-02,328.0,117.0,0.0,,0.0
1925-09-03,333.0,111.0,165.0,,0.0
1925-09-04,333.0,111.0,0.0,,0.0
1925-09-05,328.0,100.0,0.0,,0.0
1925-09-06,350.0,106.0,0.0,,0.0
1925-09-07,350.0,172.0,3.0,,0.0
1925-09-08,333.0,150.0,0.0,,0.0
1925-09-09,322.0,128.0,0.0,,0.0
1925-09-10,344.0,161.0,3.0,,0.0
1925-09-11,378.0,150.0,0.0,,0.0
1925-09-12,372.0,172.0,0.0,,0.0
1925-09-13,356.0,189.0,340.0,,0.0
1925-09-14,283.0,183.0,18.0,,0.0
1925-09-15,283.0,167.0,102.0,,0.0
1925-09-16,289.0,178.0,0.0,,0.0
1925-09-17,289.0,144.0,0.0,,0.0
1925-09-18,339.0,111.0,0.0,,0.0
1925-09-19,339.0,106.0,15.0,,0.0
1925-09-20,344.0,156.0,0.0,,0.0
1925-09-21,339.0,156.0,36.0,,0.0
1925-09-22,333.0,106.0,0.0,,0.0
1925-09-23,233.0,156.0,0.0,,0.0
1925-09-24,267.0,100.0,0.0,,0.0
1925-09-25,272.0,83.0,0.0,,0.0
1925-09-26,294.0,72.0,0.0,,0.0
1925-09-27,306.0,111.0,8.0,,0.0
1925-09-28,267.0,178.0,79.0,,0.0
1925-09-29,283.0,111.0,0.0,,0.0
1925-09-30,267.0,100.0,0.0,,0.0
1925-10-01,267.0,128.0,0.0,,0.0
1925-10-02,244.0,150.0,51.0,,0.0
1925-10-03,244.0,167.0,246.0,,0.0
1925-10-04,250.0,150.0,71.0,,0.0
1925-10-05,239.0,117.0,3.0,,0.0
1925-10-06,156.0,61.0,0.0,,0.0
1925-10-07,183.0,100.0,36.0,,0.0
1925-10-08,200.0,56.0,0.0,,0.0
1925-10-09,183.0,67.0,38.0,,0.0
1925-10-10,111.0,6.0,25.0,,0.0
1925-10-11,111.0,-50.0,0.0,,0.0
1925-10-12,122.0,67.0,71.0,,0.0
1925-10-13,172.0,94.0,124.0,,0.0
1925-10-14,172.0,78.0,178.0,,0.0
1925-10-15,200.0,144.0,0.0,,0.0
1925-10-16,217.0,128.0,53.0,,0.0
1925-10-17,239.0,139.0,452.0,,0.0
1925-10-18,211.0,133.0,0.0,,0.0
1925-10-19,156.0,39.0,0.0,,0.0
1925-10-20,89.0,11.0,0.0,,0.0
1925-10-21,89.0,0.0,0.0,,0.0
1925-10-22,100.0,6.0,102.0,,0.0
1925-10-23,111.0,-28.0,0.0,,0.0
1925-10-24,144.0,6.0,61.0,,0.0
1925-10-25,172.0,72.0,394.0,,0.0
1925-10-26,133.0,22.0,0.0,,0.0
1925-10-27,156.0,39.0,0.0,,0.0
1925-10-28,128.0,-33.0,13.0,,0.0
1925-10-29,39.0,-72.0,10.0,,10.0
1925-10-30,50.0,0.0,41.0,,51.0
1925-10-31,89.0,-11.0,0.0,,0.0
1925-11-01,117.0,-61.0,0.0,,0.0
1925-11-02,133.0,-11.0,0.0,,0.0
1925-11-03,133.0,-11.0,0.0,,0.0
1925-11-04,189.0,-50.0,0.0,,0.0
1925-11-05,172.0,-6.0,20.0,,0.0
1925-11-06,133.0,89.0,89.0,,0.0
1925-11-07,156.0,6.0,76.0,,0.0
1925-11-08,206.0,44.0,157.0,,0.0
1925-11-09,122.0,-56.0,0.0,,0.0
1925-11-10,128.0,-72.0,0.0,,0.0
1925-11-11,178.0,-33.0,0.0,,0.0
1925-11-12,183.0,17.0,218.0,,0.0
1925-11-13,139.0,83.0,99.0,,0.0
1925-11-14,156.0,72.0,0.0,,0.0
1925-11-15,222.0,-28.0,0.0,,0.0
1925-11-16,217.0,0.0,208.0,,0.0
1925-11-17,44.0,-11.0,15.0,,0.0
1925-11-18,89.0,-72.0,0.0,,0.0
1925-11-19,128.0,0.0,0.0,,0.0
1925-11-20,100.0,33.0,0.0,,0.0
1925-11-21,128.0,-39.0,0.0,,0.0
1925-11-22,128.0,-33.0,0.0,,0.0
1925-11-23,50.0,-39.0,8.0,,0.0
1925-11-24,17.0,-56.0,0.0,,0.0
1925-11-25,111.0,-67.0,0.0,,0.0
1925-11-26,111.0,-39.0,0.0,,0.0
1925-11-27,144.0,78.0,71.0,,0.0
1925-11-28,94.0,-11.0,0.0,,0.0
1925-11-29,33.0,-83.0,0.0,,0.0
1925-11-30,100.0,-44.0,0.0,,0.0
1925-12-01,122.0,-11.0,0.0,,0.0
1925-12-02,122.0,0.0,0.0,,0.0
1925-12-03,133.0,56.0,20.0,,0.0
1925-12-04,200.0,50.0,0.0,,0.0
1925-12-05,172.0,33.0,97.0,,0.0
1925-12-06,83.0,6.0,0.0,,0.0
1925-12-07,94.0,-28.0,0.0,,0.0
1925-12-08,133.0,-50.0,0.0,,0.0
1925-12-09,122.0,22.0,0.0,,0.0
1925-12-10,67.0,-22.0,0.0,,0.0
1925-12-11,144.0,-72.0,0.0,,0.0
1925-12-12,156.0,28.0,0.0,,0.0
1925-12-13,128.0,33.0,0.0,,0.0
1925-12-14,111.0,-39.0,0.0,,0.0
1925-12-15,72.0,-44.0,0.0,,0.0
1925-12-16,56.0,-22.0,0.0,,0.0
1925-12-17,33.0,-33.0,0.0,,0.0
1925-12-18,17.0,-50.0,0.0,,0.0
1925-12-19,72.0,-100.0,0.0,,0.0
1925-12-20,89.0,-6.0,0.0,,0.0
1925-12-21,133.0,28.0,3.0,,0.0
1925-12-22,133.0,-6.0,91.0,,0.0
1925-12-23,17.0,-67.0,3.0,,3.0
1925-12-24,17.0,-72.0,0.0,,0.0
1925-12-25,11.0,-33.0,38.0,,0.0
1925-12-26,11.0,-111.0,5.0,,5.0
1925-12-27,-100.0,-167.0,13.0,,15.0
1925-12-28,-89.0,-161.0,0.0,,0.0
1925-12-29,-39.0,-156.0,0.0,,0.0
1925-12-30,-11.0,-183.0,0.0,,0.0
1925-12-31,6.0,-172.0,0.0,,0.0
1926-01-01,61.0,-106.0,0.0,,0.0
1926-01-02,83.0,-67.0,0.0,,0.0
1926-01-03,94.0,-111.0,0.0,,0.0
1926-01-04,128.0,0.0,0.0,,0.0
1926-01-05,156.0,72.0,71.0,,0.0
1926-01-06,156.0,11.0,0.0,,0.0
1926-01-07,28.0,-11.0,0.0,,0.0
1926-01-08,6.0,-50.0,25.0,,30.0
1926-01-09,28.0,-44.0,28.0,,33.0
1926-01-10,0.0,-56.0,0.0,,0.0
1926-01-11,39.0,-39.0,0.0,,0.0
1926-01-12,33.0,-67.0,0.0,,0.0
1926-01-13,0.0,-139.0,10.0,,13.0
1926-01-14,0.0,-111.0,5.0,,5.0
1926-01-15,33.0,-33.0,0.0,,0.0
1926-01-16,111.0,-144.0,0.0,,0.0
1926-01-17,106.0,-78.0,0.0,,0.0
1926-01-18,167.0,28.0,208.0,,0.0
1926-01-19,100.0,39.0,25.0,,0.0
1926-01-20,161.0,-39.0,0.0,,0.0
1926-01-21,167.0,-11.0,178.0,,0.0
1926-01-22,106.0,-106.0,170.0,,0.0
1926-01-23,-39.0,-144.0,0.0,,0.0
1926-01-24,0.0,-111.0,0.0,,0.0
1926-01-25,17.0,-72.0,0.0,,0.0
1926-01-26,22.0,-117.0,0.0,,0.0
1926-01-27,17.0,-11.0,56.0,,69.0
1926-01-28,50.0,-117.0,23.0,,0.0
1926-01-29,33.0,-244.0,0.0,,0.0
1926-01-30,139.0,-111.0,0.0,,0.0
1926-01-31,128.0,-33.0,69.0,,0.0
1926-02-01,78.0,-6.0,69.0,,0.0
1926-02-02,78.0,-6.0,0.0,,0.0
1926-02-03,83.0,-6.0,145.0,,0.0
1926-02-04,11.0,-17.0,109.0,,135.0
1926-02-05,17.0,-44.0,0.0,,0.0
1926-02-06,61.0,-117.0,0.0,,0.0
1926-02-07,67.0,0.0,0.0,,0.0
1926-02-08,39.0,-28.0,71.0,,0.0
1926-02-09,78.0,6.0,0.0,,0.0
1926-02-10,72.0,-67.0,142.0,,0.0
1926-02-11,-50.0,-122.0,10.0,,13.0
1926-02-12,67.0,-144.0,0.0,,0.0
1926-02-13,139.0,6.0,61.0,,0.0
1926-02-14,133.0,22.0,119.0,,0.0
1926-02-15,83.0,11.0,8.0,,0.0
1926-02-16,56.0,-44.0,0.0,,0.0
1926-02-17,161.0,-89.0,0.0,,0.0
1926-02-18,172.0,6.0,0.0,,0.0
1926-02-19,144.0,-22.0,43.0,,0.0
1926-02-20,100.0,-72.0,0.0,,0.0
1926-02-21,183.0,-22.0,0.0,,0.0
1926-02-22,194.0,56.0,5.0,,0.0
1926-02-23,83.0,-33.0,81.0,,0.0
1926-02-24,156.0,-94.0,0.0,,0.0
1926-02-25,150.0,-11.0,38.0,,0.0
1926-02-26,128.0,-11.0,0.0,,0.0
1926-02-27,44.0,-28.0,0.0,,0.0
1926-02-28,89.0,-83.0,0.0,,0.0
1926-03-01,156.0,50.0,0.0,,
1926-03-02,122.0,-61.0,119.0,,0.0
1926-03-03,-6.0,-94.0,5.0,,5.0
1926-03-04,-17.0,-72.0,0.0,,0.0
1926-03-05,-11.0,-133.0,0.0,,
1926-03-06,144.0,-117.0,0.0,,
1926-03-07,128.0,33.0,170.0,,
1926-03-08,33.0,-61.0,8.0,,8.0
1926-03-09,33.0,-72.0,5.0,,5.0
1926-03-10,94.0,-28.0,0.0,,
1926-03-11,94.0,6.0,64.0,,0.0
1926-03-12,39.0,-33.0,0.0,,0.0
1926-03-13,28.0,-94.0,0.0,,0.0
1926-03-14,17.0,-106.0,0.0,,
1926-03-15,17.0,-83.0,5.0,,5.0
1926-03-16,17.0,-44.0,10.0,,10.0
1926-03-17,56.0,-39.0,8.0,,8.0
1926-03-18,106.0,-50.0,61.0,,0.0
1926-03-19,217.0,0.0,0.0,,
1926-03-20,211.0,61.0,64.0,,
1926-03-21,139.0,28.0,0.0,,
1926-03-22,222.0,-39.0,0.0,,
1926-03-23,200.0,50.0,81.0,,
1926-03-24,206.0,39.0,0.0,,
1926-03-25,206.0,50.0,0.0,,
1926-03-26,150.0,6.0,91.0,,
1926-03-27,50.0,-6.0,13.0,,0.0
1926-03-28,56.0,-44.0,3.0,,3.0
1926-03-29,144.0,-67.0,0.0,,
1926-03-30,206.0,-39.0,0.0,,
1926-03-31,200.0,83.0,61.0,,
1926-04-01,111.0,-22.0,18.0,,0.0
1926-04-02,139.0,-50.0,0.0,,0.0
1926-04-03,139.0,50.0,13.0,,0.0
1926-04-04,117.0,-11.0,0.0,,0.0
1926-04-05,111.0,-11.0,0.0,,0.0
1926-04-06,156.0,6.0,91.0,,0.0
1926-04-07,261.0,33.0,66.0,,0.0
1926-04-08,256.0,122.0,20.0,,0.0
1926-04-09,156.0,28.0,25.0,,0.0
1926-04-10,194.0,-28.0,0.0,,0.0
1926-04-11,194.0,72.0,51.0,,0.0
1926-04-12,106.0,0.0,0.0,,0.0
1926-04-13,128.0,33.0,0.0,,0.0
1926-04-14,172.0,61.0,5.0,,0.0
1926-04-15,167.0,-17.0,0.0,,0.0
1926-04-16,178.0,-50.0,0.0,,0.0
1926-04-17,172.0,6.0,0.0,,0.0
1926-04-18,111.0,-6.0,13.0,,15.0
1926-04-19,72.0,-28.0,0.0,,0.0
1926-04-20,122.0,-83.0,0.0,,0.0
1926-04-21,228.0,-17.0,0.0,,0.0
1926-04-22,267.0,17.0,0.0,,0.0
1926-04-23,239.0,106.0,140.0,,0.0
1926-04-24,222.0,78.0,5.0,,0.0
1926-04-25,228.0,50.0,8.0,,0.0
1926-04-26,94.0,6.0,0.0,,0.0
1926-04-27,183.0,-44.0,0.0,,0.0
1926-04-28,200.0,67.0,104.0,,0.0
1926-04-29,139.0,28.0,3.0,,0.0
1926-04-30,272.0,39.0,0.0,,0.0
1926-05-01,306.0,117.0,0.0,,0.0
1926-05-02,322.0,78.0,0.0,,0.0
1926-05-03,306.0,117.0,46.0,,0.0
1926-05-04,144.0,28.0,0.0,,0.0
1926-05-05,206.0,11.0,0.0,,0.0
1926-05-06,300.0,33.0,0.0,,0.0
1926-05-07,311.0,39.0,0.0,,0.0
1926-05-08,311.0,67.0,0.0,,0.0
1926-05-09,300.0,61.0,0.0,,0.0
1926-05-10,244.0,94.0,10.0,,0.0
1926-05-11,189.0,33.0,0.0,,0.0
1926-05-12,228.0,44.0,0.0,,0.0
1926-05-13,228.0,44.0,0.0,,0.0
1926-05-14,239.0,78.0,8.0,,0.0
1926-05-15,222.0,89.0,8.0,,0.0
1926-05-16,228.0,72.0,132.0,,0.0
1926-05-17,283.0,72.0,0.0,,0.0
1926-05-18,283.0,94.0,0.0,,0.0
1926-05-19,267.0,111.0,84.0,,0.0
1926-05-20,222.0,83.0,135.0,,0.0
1926-05-21,272.0,33.0,0.0,,0.0
1926-05-22,272.0,89.0,69.0,,0.0
1926-05-23,183.0,83.0,0.0,,0.0
1926-05-24,233.0,33.0,10.0,,0.0
1926-05-25,261.0,128.0,3.0,,0.0
1926-05-26,239.0,133.0,30.0,,0.0
1926-05-27,239.0,100.0,122.0,,0.0
1926-05-28,261.0,56.0,0.0,,0.0
1926-05-29,306.0,67.0,0.0,,0.0
1926-05-30,283.0,94.0,0.0,,0.0
1926-05-31,267.0,161.0,79.0,,0.0
1926-06-01,244.0,189.0,41.0,,0.0
1926-06-02,272.0,94.0,0.0,,0.0
1926-06-03,267.0,106.0,23.0,,0.0
1926-06-04,206.0,106.0,74.0,,0.0
1926-06-05,139.0,89.0,76.0,,0.0
1926-06-06,206.0,67.0,0.0,,0.0
1926-06-07,200.0,106.0,94.0,,0.0
1926-06-08,261.0,122.0,0.0,,0.0
1926-06-09,256.0,72.0,0.0,,0.0
1926-06-10,261.0,89.0,0.0,,0.0
1926-06-11,289.0,67.0,0.0,,0.0
1926-06-12,289.0,150.0,556.0,,0.0
1926-06-13,294.0,189.0,0.0,,0.0
1926-06-14,322.0,161.0,0.0,,0.0
1926-06-15,311.0,172.0,264.0,,0.0
1926-06-16,233.0,94.0,5.0,,0.0
1926-06-17,317.0,100.0,0.0,,0.0
1926-06-18,311.0,178.0,58.0,,0.0
1926-06-19,272.0,133.0,0.0,,0.0
1926-06-20,261.0,94.0,0.0,,0.0
1926-06-21,300.0,89.0,0.0,,0.0
1926-06-22,294.0,156.0,414.0,,0.0
1926-06-23,261.0,133.0,33.0,,0.0
1926-06-24,272.0,106.0,0.0,,0.0
1926-06-25,267.0,111.0,0.0,,0.0
1926-06-26,267.0,144.0,38.0,,0.0
1926-06-27,256.0,83.0,0.0,,0.0
1926-06-28,283.0,78.0,0.0,,0.0
1926-06-29,306.0,94.0,0.0,,0.0
1926-06-30,306.0,128.0,0.0,,0.0
1926-07-01,322.0,139.0,0.0,,0.0
1926-07-02,328.0,133.0,0.0,,0.0
1926-07-03,333.0,189.0,41.0,,0.0
1926-07-04,294.0,189.0,91.0,,0.0
1926-07-05,256.0,194.0,183.0,,0.0
1926-07-06,289.0,194.0,406.0,,0.0
1926-07-07,283.0,189.0,208.0,,0.0
1926-07-08,317.0,139.0,0.0,,0.0
1926-07-09,322.0,161.0,23.0,,0.0
1926-07-10,322.0,211.0,89.0,,0.0
1926-07-11,239.0,150.0,0.0,,0.0
1926-07-12,272.0,94.0,0.0,,0.0
1926-07-13,283.0,122.0,0.0,,0.0
1926-07-14,261.0,133.0,25.0,,0.0
1926-07-15,244.0,83.0,0.0,,0.0
1926-07-16,272.0,83.0,0.0,,0.0
1926-07-17,300.0,100.0,0.0,,0.0
1926-07-18,328.0,133.0,0.0,,0.0
1926-07-19,333.0,139.0,41.0,,0.0
1926-07-20,350.0,167.0,0.0,,0.0
1926-07-21,367.0,167.0,0.0,,0.0
1926-07-22,361.0,167.0,0.0,,0.0
1926-07-23,361.0,167.0,0.0,,0.0
1926-07-24,322.0,167.0,0.0,,0.0
1926-07-25,328.0,178.0,0.0,,0.0
1926-07-26,317.0,150.0,0.0,,0.0
1926-07-27,294.0,156.0,18.0,,0.0
1926-07-28,300.0,156.0,5.0,,0.0
1926-07-29,322.0,167.0,0.0,,0.0
1926-07-30,317.0,183.0,0.0,,0.0
1926-07-31,344.0,183.0,0.0,,0.0
1926-08-01,333.0,189.0,130.0,,0.0
1926-08-02,339.0,178.0,0.0,,0.0
1926-08-03,317.0,200.0,178.0,,0.0
1926-08-04,311.0,194.0,0.0,,0.0
1926-08-05,322.0,183.0,0.0,,0.0
1926-08-06,339.0,172.0,0.0,,0.0
1926-08-07,333.0,189.0,86.0,,0.0
1926-08-08,278.0,128.0,0.0,,0.0
1926-08-09,306.0,117.0,0.0,,0.0
1926-08-10,344.0,133.0,0.0,,0.0
1926-08-11,378.0,156.0,0.0,,0.0
1926-08-12,372.0,194.0,0.0,,0.0
1926-08-13,356.0,194.0,0.0,,0.0
1926-08-14,344.0,194.0,20.0,,0.0
1926-08-15,278.0,194.0,119.0,,0.0
1926-08-16,289.0,200.0,64.0,,0.0
1926-08-17,244.0,200.0,394.0,,0.0
1926-08-18,239.0,194.0,249.0,,0.0
1926-08-19,244.0,200.0,84.0,,0.0
1926-08-20,278.0,194.0,206.0,,0.0
1926-08-21,306.0,200.0,18.0,,0.0
1926-08-22,306.0,156.0,0.0,,0.0
1926-08-23,317.0,161.0,0.0,,0.0
1926-08-24,311.0,178.0,102.0,,0.0
1926-08-25,256.0,161.0,56.0,,0.0
1926-08-26,261.0,144.0,0.0,,0.0
1926-08-27,283.0,128.0,0.0,,0.0
1926-08-28,300.0,139.0,0.0,,0.0
1926-08-29,306.0,144.0,0.0,,0.0
1926-08-30,306.0,183.0,13.0,,0.0
1926-08-31,267.0,100.0,0.0,,0.0
1926-09-01,306.0,94.0,0.0,,0.0
1926-09-02,300.0,194.0,38.0,,0.0
1926-09-03,294.0,189.0,5.0,,0.0
1926-09-04,317.0,194.0,5.0,,0.0
1926-09-05,322.0,206.0,84.0,,0.0
1926-09-06,267.0,183.0,58.0,,0.0
1926-09-07,261.0,150.0,244.0,,0.0
1926-09-08,306.0,106.0,0.0,,0.0
1926-09-09,300.0,194.0,58.0,,0.0
1926-09-10,239.0,133.0,30.0,,0.0
1926-09-11,272.0,72.0,0.0,,0.0
1926-09-12,289.0,117.0,0.0,,0.0
1926-09-13,283.0,144.0,0.0,,0.0
1926-09-14,283.0,144.0,0.0,,0.0
1926-09-15,289.0,133.0,0.0,,0.0
1926-09-16,300.0,156.0,5.0,,0.0
1926-09-17,289.0,194.0,0.0,,0.0
1926-09-18,317.0,133.0,0.0,,0.0
1926-09-19,294.0,133.0,0.0,,0.0
1926-09-20,300.0,161.0,0.0,,0.0
1926-09-21,306.0,178.0,86.0,,0.0
1926-09-22,306.0,150.0,3.0,,0.0
1926-09-23,294.0,183.0,79.0,,0.0
1926-09-24,306.0,194.0,13.0,,0.0
1926-09-25,289.0,194.0,363.0,,0.0
1926-09-26,211.0,89.0,254.0,,0.0
1926-09-27,156.0,72.0,33.0,,0.0
1926-09-28,161.0,111.0,13.0,,0.0
1926-09-29,233.0,128.0,46.0,,0.0
1926-09-30,211.0,144.0,36.0,,0.0
1926-10-01,283.0,156.0,0.0,,0.0
1926-10-02,294.0,139.0,277.0,,0.0
1926-10-03,300.0,150.0,3.0,,0.0
1926-10-04,311.0,150.0,0.0,,0.0
1926-10-05,311.0,156.0,0.0,,0.0
1926-10-06,239.0,117.0,71.0,,0.0
1926-10-07,144.0,44.0,18.0,,0.0
1926-10-08,178.0,17.0,0.0,,0.0
1926-10-09,189.0,17.0,0.0,,0.0
1926-10-10,178.0,44.0,0.0,,0.0
1926-10-11,183.0,106.0,8.0,,0.0
1926-10-12,250.0,89.0,0.0,,0.0
1926-10-13,244.0,106.0,185.0,,0.0
1926-10-14,178.0,94.0,20.0,,0.0
1926-10-15,200.0,61.0,0.0,,0.0
1926-10-16,239.0,39.0,0.0,,0.0
1926-10-17,200.0,67.0,130.0,,0.0
1926-10-18,172.0,11.0,0.0,,0.0
1926-10-19,178.0,50.0,0.0,,0.0
1926-10-20,144.0,61.0,211.0,,0.0
1926-10-21,128.0,33.0,8.0,,0.0
1926-10-22,172.0,-11.0,0.0,,0.0
1926-10-23,172.0,44.0,8.0,,0.0
1926-10-24,150.0,83.0,5.0,,0.0
1926-10-25,150.0,6.0,74.0,,0.0
1926-10-26,78.0,-11.0,5.0,,0.0
1926-10-27,117.0,11.0,0.0,,0.0
1926-10-28,228.0,-22.0,0.0,,0.0
1926-10-29,211.0,78.0,81.0,,0.0
1926-10-30,211.0,122.0,8.0,,0.0
1926-10-31,189.0,44.0,109.0,,0.0
1926-11-01,150.0,-11.0,8.0,,0.0
1926-11-02,150.0,17.0,10.0,,0.0
1926-11-03,150.0,17.0,0.0,,0.0
1926-11-04,94.0,-33.0,3.0,,3.0
1926-11-05,94.0,33.0,0.0,,0.0
1926-11-06,156.0,-22.0,0.0,,0.0
1926-11-07,200.0,-50.0,0.0,,0.0
1926-11-08,206.0,-33.0,0.0,,0.0
1926-11-09,206.0,111.0,185.0,,0.0
1926-11-10,150.0,0.0,18.0,,0.0
1926-11-11,28.0,-83.0,0.0,,0.0
1926-11-12,100.0,-106.0,0.0,,0.0
1926-11-13,200.0,-6.0,0.0,,0.0
1926-11-14,217.0,33.0,0.0,,0.0
1926-11-15,256.0,44.0,0.0,,0.0
1926-11-16,233.0,50.0,714.0,,0.0
1926-11-17,144.0,-6.0,5.0,,0.0
1926-11-18,133.0,22.0,79.0,,0.0
1926-11-19,28.0,-17.0,0.0,,0.0
1926-11-20,0.0,-17.0,5.0,,5.0
1926-11-21,-6.0,-28.0,5.0,,5.0
1926-11-22,56.0,-61.0,0.0,,0.0
1926-11-23,83.0,-56.0,0.0,,0.0
1926-11-24,89.0,-39.0,0.0,,0.0
1926-11-25,156.0,-39.0,0.0,,0.0
1926-11-26,172.0,83.0,61.0,,0.0
1926-11-27,150.0,-61.0,41.0,,0.0
1926-11-28,183.0,-56.0,0.0,,0.0
1926-11-29,167.0,67.0,0.0,,0.0
1926-11-30,133.0,22.0,76.0,,0.0
1926-12-01,56.0,-11.0,0.0,,0.0
1926-12-02,11.0,-83.0,0.0,,0.0
1926-12-03,139.0,-39.0,0.0,,0.0
1926-12-04,133.0,28.0,0.0,,0.0
1926-12-05,100.0,-11.0,76.0,,0.0
1926-12-06,44.0,-83.0,0.0,,0.0
1926-12-07,78.0,-111.0,0.0,,0.0
1926-12-08,111.0,0.0,58.0,,0.0
1926-12-09,72.0,17.0,76.0,,0.0
1926-12-10,50.0,17.0,91.0,,0.0
1926-12-11,39.0,0.0,30.0,,0.0
1926-12-12,72.0,-50.0,5.0,,0.0
1926-12-13,183.0,56.0,147.0,,0.0
1926-12-14,178.0,-11.0,0.0,,0.0
1926-12-15,0.0,-67.0,20.0,25.0,23.0
1926-12-16,-33.0,-161.0,0.0,,0.0
1926-12-17,17.0,-94.0,0.0,,0.0
1926-12-18,0.0,-156.0,0.0,,0.0
1926-12-19,33.0,-161.0,0.0,,0.0
1926-12-20,72.0,-28.0,155.0,,0.0
1926-12-21,89.0,28.0,165.0,,0.0
1926-12-22,72.0,28.0,109.0,,0.0
1926-12-23,111.0,22.0,0.0,,0.0
1926-12-24,111.0,-11.0,61.0,,0.0
1926-12-25,106.0,28.0,61.0,,0.0
1926-12-26,100.0,-22.0,155.0,,0.0
1926-12-27,100.0,-72.0,0.0,,0.0
1926-12-28,83.0,-22.0,91.0,,0.0
1926-12-29,44.0,-22.0,61.0,,0.0
1926-12-30,-11.0,-61.0,0.0,,0.0
1926-12-31,50.0,-56.0,0.0,,0.0
1927-01-01,39.0,-33.0,30.0,,38.0
1927-01-02,28.0,-50.0,0.0,,0.0
1927-01-03,33.0,0.0,53.0,,0.0
1927-01-04,72.0,0.0,56.0,,0.0
1927-01-05,28.0,6.0,20.0,,25.0
1927-01-06,28.0,-11.0,0.0,,0.0
1927-01-07,6.0,-50.0,0.0,,0.0
1927-01-08,-6.0,-94.0,0.0,,0.0
1927-01-09,6.0,-61.0,0.0,,0.0
1927-01-10,6.0,-44.0,30.0,,38.0
1927-01-11,22.0,-78.0,0.0,,0.0
1927-01-12,39.0,-172.0,0.0,,0.0
1927-01-13,56.0,-83.0,0.0,,0.0
1927-01-14,94.0,-22.0,69.0,,0.0
1927-01-15,-22.0,-106.0,0.0,,0.0
1927-01-16,-67.0,-172.0,0.0,,0.0
1927-01-17,67.0,-122.0,0.0,,0.0
1927-01-18,61.0,-44.0,53.0,,0.0
1927-01-19,133.0,44.0,58.0,,0.0
1927-01-20,111.0,50.0,97.0,,0.0
1927-01-21,189.0,56.0,224.0,,0.0
1927-01-22,189.0,78.0,206.0,,0.0
1927-01-23,78.0,17.0,198.0,,0.0
1927-01-24,44.0,11.0,13.0,,0.0
1927-01-25,83.0,-39.0,0.0,,0.0
1927-01-26,78.0,-61.0,0.0,,0.0
1927-01-27,56.0,-150.0,0.0,,0.0
1927-01-28,111.0,-89.0,5.0,,0.0
1927-01-29,139.0,61.0,122.0,,0.0
1927-01-30,178.0,44.0,38.0,,0.0
1927-01-31,122.0,0.0,0.0,,0.0
1927-02-01,100.0,-56.0,0.0,,0.0
1927-02-02,106.0,11.0,10.0,,0.0
1927-02-03,183.0,-50.0,0.0,,0.0
1927-02-04,178.0,-11.0,0.0,,0.0
1927-02-05,139.0,39.0,127.0,,0.0
1927-02-06,172.0,122.0,163.0,,0.0
1927-02-07,172.0,28.0,41.0,,0.0
1927-02-08,139.0,22.0,0.0,,0.0
1927-02-09,172.0,-33.0,0.0,,0.0
1927-02-10,156.0,-11.0,5.0,,5.0
1927-02-11,28.0,-106.0,30.0,,36.0
1927-02-12,100.0,-67.0,0.0,,0.0
1927-02-13,100.0,-17.0,23.0,,0.0
1927-02-14,178.0,89.0,48.0,,0.0
1927-02-15,178.0,50.0,0.0,,0.0
1927-02-16,211.0,-22.0,5.0,,0.0
1927-02-17,211.0,6.0,0.0,,0.0
1927-02-18,200.0,17.0,89.0,,0.0
1927-02-19,22.0,-17.0,239.0,,0.0
1927-02-20,6.0,-61.0,97.0,,0.0
1927-02-21,11.0,-56.0,13.0,,15.0
1927-02-22,139.0,-94.0,0.0,,0.0
1927-02-23,117.0,61.0,38.0,,0.0
1927-02-24,150.0,44.0,15.0,,0.0
1927-02-25,150.0,-11.0,79.0,,0.0
1927-02-26,83.0,-17.0,20.0,,23.0
1927-02-27,-6.0,-44.0,0.0,,0.0
1927-02-28,22.0,-61.0,5.0,0.0,5.0
1927-03-01,28.0,-61.0,0.0,,0.0
1927-03-02,28.0,-39.0,0.0,,0.0
1927-03-03,11.0,-56.0,0.0,,0.0
1927-03-04,72.0,-50.0,0.0,,0.0
1927-03-05,139.0,-100.0,0.0,,0.0
1927-03-06,139.0,39.0,33.0,,0.0
1927-03-07,139.0,6.0,8.0,,0.0
1927-03-08,133.0,44.0,152.0,,0.0
1927-03-09,94.0,-33.0,0.0,,0.0
1927-03-10,194.0,0.0,0.0,,0.0
1927-03-11,233.0,-11.0,0.0,,0.0
1927-03-12,244.0,22.0,0.0,,0.0
1927-03-13,244.0,78.0,0.0,,0.0
1927-03-14,228.0,72.0,117.0,,0.0
1927-03-15,194.0,56.0,0.0,,0.0
1927-03-16,244.0,-6.0,0.0,,0.0
1927-03-17,261.0,0.0,0.0,,0.0
1927-03-18,256.0,94.0,15.0,,0.0
1927-03-19,222.0,100.0,43.0,,0.0
1927-03-20,250.0,111.0,66.0,,0.0
1927-03-21,228.0,128.0,91.0,,0.0
1927-03-22,150.0,11.0,5.0,,0.0
1927-03-23,78.0,11.0,0.0,,0.0
1927-03-24,106.0,-11.0,0.0,,0.0
1927-03-25,122.0,-11.0,0.0,,0.0
1927-03-26,161.0,22.0,3.0,,0.0
1927-03-27,144.0,11.0,3.0,,0.0
1927-03-28,89.0,11.0,0.0,,0.0
1927-03-29,144.0,-61.0,0.0,,0.0
1927-03-30,128.0,-28.0,0.0,,0.0
1927-03-31,150.0,56.0,5.0,,0.0
1927-04-01,244.0,72.0,267.0,,
1927-04-02,239.0,61.0,36.0,,
1927-04-03,239.0,22.0,28.0,,
1927-04-04,233.0,44.0,48.0,,
1927-04-05,228.0,72.0,0.0,,
1927-04-06,194.0,39.0,36.0,,
1927-04-07,200.0,28.0,0.0,,
1927-04-08,106.0,6.0,3.0,,
1927-04-09,100.0,61.0,231.0,,
1927-04-10,139.0,22.0,5.0,,
1927-04-11,150.0,-50.0,0.0,,
1927-04-12,233.0,-33.0,0.0,,
1927-04-13,217.0,72.0,53.0,,
1927-04-14,200.0,33.0,13.0,,
1927-04-15,244.0,56.0,0.0,,
1927-04-16,267.0,78.0,61.0,,
1927-04-17,250.0,56.0,71.0,,
1927-04-18,294.0,56.0,0.0,,
1927-04-19,306.0,128.0,0.0,,
1927-04-20,294.0,144.0,0.0,,
1927-04-21,289.0,111.0,5.0,,0.0
1927-04-22,217.0,33.0,218.0,,
1927-04-23,61.0,-44.0,3.0,,0.0
1927-04-24,83.0,-33.0,0.0,,
1927-04-25,156.0,-56.0,0.0,,
1927-04-26,211.0,22.0,0.0,,
1927-04-27,222.0,72.0,157.0,,
1927-04-28,183.0,-17.0,0.0,,
1927-04-29,183.0,61.0,249.0,,
1927-04-30,144.0,83.0,300.0,,
1927-05-01,178.0,-6.0,0.0,,0.0
1927-05-02,222.0,0.0,0.0,,0.0
1927-05-03,272.0,78.0,0.0,,0.0
1927-05-04,228.0,111.0,175.0,,0.0
1927-05-05,233.0,61.0,0.0,,0.0
1927-05-06,239.0,122.0,0.0,,0.0
1927-05-07,250.0,128.0,0.0,,0.0
1927-05-08,244.0,78.0,38.0,,0.0
1927-05-09,317.0,106.0,5.0,,0.0
1927-05-10,311.0,161.0,114.0,,0.0
1927-05-11,250.0,144.0,13.0,,0.0
1927-05-12,144.0,78.0,86.0,,0.0
1927-05-13,194.0,78.0,3.0,,0.0
1927-05-14,206.0,83.0,86.0,,0.0
1927-05-15,161.0,61.0,239.0,,0.0
1927-05-16,111.0,56.0,152.0,,0.0
1927-05-17,200.0,72.0,0.0,,0.0
1927-05-18,206.0,72.0,234.0,,0.0
1927-05-19,278.0,150.0,0.0,,0.0
1927-05-20,278.0,122.0,0.0,,0.0
1927-05-21,333.0,94.0,0.0,,0.0
1927-05-22,333.0,144.0,0.0,,0.0
1927-05-23,317.0,144.0,64.0,,0.0
1927-05-24,322.0,167.0,0.0,,0.0
1927-05-25,306.0,172.0,8.0,,0.0
1927-05-26,267.0,128.0,79.0,,0.0
1927-05-27,244.0,83.0,0.0,,0.0
1927-05-28,239.0,44.0,0.0,,0.0
1927-05-29,267.0,78.0,0.0,,0.0
1927-05-30,306.0,128.0,0.0,,0.0
1927-05-31,306.0,172.0,5.0,,0.0
1927-07-01,,,0.0,,
1927-07-02,,,0.0,,
1927-07-03,,,0.0,,
1927-07-04,,,0.0,,
1927-07-05,,,0.0,,
1927-07-06,,,0.0,,
1927-07-07,,,0.0,,
1927-07-08,,,0.0,,
1927-07-09,,,0.0,,
1927-07-10,,,0.0,,
1927-07-11,,,0.0,,
1927-07-12,,,0.0,,
1927-07-13,,,0.0,,
1927-07-14,,,0.0,,
1927-07-15,,,0.0,,
1927-07-16,,,0.0,,
1927-07-17,,,0.0,,
1927-07-18,,,0.0,,
1927-07-19,,,0.0,,
1927-07-20,,,0.0,,
1927-07-21,,,257.0,,
1927-07-22,,,0.0,,
1927-07-23,,,0.0,,
1927-07-24,,,0.0,,
1927-07-25,,,0.0,,
1927-07-26,,,0.0,,
1927-07-27,,,0.0,,
1927-07-28,,,102.0,,
1927-07-29,,,241.0,,
1927-07-30,,,89.0,,
1927-07-31,,,264.0,,
1927-08-01,,,23.0,,0.0
1927-08-02,,,3.0,,0.0
1927-08-03,,,132.0,,0.0
1927-08-04,,,13.0,,0.0
1927-08-05,,,0.0,,0.0
1927-08-06,,,0.0,,0.0
1927-08-07,,,0.0,,0.0
1927-08-08,,,0.0,,0.0
1927-08-09,,,0.0,,0.0
1927-08-10,,156.0,0.0,,0.0
1927-08-11,,128.0,0.0,,0.0
1927-08-12,,133.0,0.0,,0.0
1927-08-13,,117.0,0.0,,0.0
1927-08-14,,161.0,249.0,,0.0
1927-08-15,,128.0,0.0,,0.0
1927-08-16,,133.0,0.0,,0.0
1927-08-17,278.0,89.0,0.0,,0.0
1927-08-18,233.0,144.0,114.0,,0.0
1927-08-19,222.0,139.0,0.0,,0.0
1927-08-20,239.0,133.0,0.0,,0.0
1927-08-21,244.0,139.0,0.0,,0.0
1927-08-22,300.0,122.0,0.0,,0.0
1927-08-23,300.0,139.0,0.0,,0.0
1927-08-24,294.0,133.0,3.0,,0.0
1927-08-25,244.0,67.0,0.0,,0.0
1927-08-26,244.0,67.0,0.0,,0.0
1927-08-27,222.0,83.0,0.0,,0.0
1927-08-28,222.0,94.0,0.0,,0.0
1927-08-29,222.0,122.0,0.0,,0.0
1927-08-30,267.0,122.0,0.0,,0.0
1927-08-31,267.0,133.0,0.0,,0.0
1927-09-01,289.0,111.0,0.0,,0.0
1927-09-02,300.0,94.0,0.0,,0.0
1927-09-03,322.0,94.0,0.0,,0.0
1927-09-04,317.0,139.0,0.0,,0.0
1927-09-05,311.0,67.0,0.0,,0.0
1927-09-06,322.0,122.0,0.0,,0.0
1927-09-07,328.0,183.0,0.0,,0.0
1927-09-08,222.0,183.0,140.0,,0.0
1927-09-09,306.0,183.0,0.0,,0.0
1927-09-10,306.0,156.0,224.0,,0.0
1927-09-11,278.0,194.0,157.0,,0.0
1927-09-12,278.0,117.0,0.0,,0.0
1927-09-13,278.0,111.0,13.0,,0.0
1927-09-14,322.0,178.0,71.0,,0.0
1927-09-15,333.0,172.0,0.0,,0.0
1927-09-16,333.0,194.0,97.0,,0.0
1927-09-17,328.0,172.0,0.0,,0.0
1927-09-18,333.0,161.0,0.0,,0.0
1927-09-19,322.0,150.0,396.0,,0.0
1927-09-20,289.0,50.0,0.0,,0.0
1927-09-21,217.0,56.0,0.0,,0.0
1927-09-22,194.0,11.0,0.0,,0.0
1927-09-23,183.0,11.0,0.0,,0.0
1927-09-24,250.0,22.0,0.0,,0.0
1927-09-25,272.0,17.0,0.0,,0.0
1927-09-26,267.0,33.0,0.0,,0.0
1927-09-27,294.0,67.0,0.0,,0.0
1927-09-28,294.0,94.0,0.0,,0.0
1927-09-29,311.0,156.0,5.0,,0.0
1927-09-30,311.0,122.0,0.0,,0.0
1927-10-01,333.0,128.0,0.0,,0.0
1927-10-02,333.0,122.0,0.0,,0.0
1927-10-03,322.0,122.0,343.0,,0.0
1927-10-04,228.0,156.0,107.0,,0.0
1927-10-05,272.0,44.0,0.0,,0.0
1927-10-06,300.0,72.0,0.0,,0.0
1927-10-07,294.0,111.0,5.0,,0.0
1927-10-08,222.0,122.0,117.0,,0.0
1927-10-09,194.0,67.0,20.0,,0.0
1927-10-10,211.0,33.0,0.0,,0.0
1927-10-11,261.0,22.0,0.0,,0.0
1927-10-12,256.0,106.0,198.0,,0.0
1927-10-13,189.0,44.0,33.0,,0.0
1927-10-14,144.0,39.0,5.0,,0.0
1927-10-15,206.0,0.0,0.0,,0.0
1927-10-16,206.0,0.0,0.0,,0.0
1927-10-17,172.0,72.0,0.0,,0.0
1927-10-18,133.0,33.0,127.0,,0.0
1927-10-19,94.0,56.0,191.0,,0.0
1927-10-20,200.0,50.0,124.0,,0.0
1927-10-21,206.0,17.0,0.0,,0.0
1927-10-22,244.0,-11.0,0.0,,0.0
1927-10-23,278.0,61.0,0.0,,0.0
1927-10-24,278.0,33.0,0.0,,0.0
1927-10-25,244.0,22.0,0.0,,0.0
1927-10-26,256.0,-6.0,0.0,,0.0
1927-10-27,256.0,17.0,0.0,,0.0
1927-10-28,256.0,22.0,0.0,,0.0
1927-10-29,256.0,39.0,0.0,,0.0
1927-10-30,289.0,67.0,0.0,,0.0
1927-10-31,289.0,56.0,0.0,,0.0
1927-11-01,239.0,56.0,0.0,,0.0
1927-11-02,239.0,56.0,33.0,,0.0
1927-11-03,189.0,11.0,318.0,,0.0
1927-11-04,83.0,11.0,30.0,,0.0
1927-11-05,72.0,-6.0,61.0,,0.0
1927-11-06,72.0,-22.0,5.0,,5.0
1927-11-07,50.0,-83.0,0.0,,0.0
1927-11-08,61.0,-11.0,89.0,,0.0
1927-11-09,89.0,33.0,28.0,,0.0
1927-11-10,200.0,-6.0,0.0,,0.0
1927-11-11,178.0,67.0,0.0,,0.0
1927-11-12,189.0,61.0,0.0,,0.0
1927-11-13,200.0,-56.0,0.0,,0.0
1927-11-14,244.0,0.0,0.0,,0.0
1927-11-15,239.0,61.0,0.0,,0.0
1927-11-16,239.0,94.0,0.0,,0.0
1927-11-17,222.0,44.0,269.0,,0.0
1927-11-18,67.0,-17.0,0.0,,0.0
1927-11-19,39.0,-39.0,13.0,,15.0
1927-11-20,67.0,-61.0,0.0,,0.0
1927-11-21,78.0,-33.0,66.0,,0.0
1927-11-22,194.0,,0.0,,0.0
1927-11-23,206.0,150.0,36.0,,0.0
1927-11-24,183.0,117.0,66.0,,0.0
1927-11-25,133.0,56.0,0.0,,0.0
1927-11-26,178.0,-50.0,0.0,,0.0
1927-11-27,206.0,106.0,20.0,,0.0
1927-11-28,194.0,128.0,0.0,,0.0
1927-11-29,228.0,100.0,0.0,,0.0
1927-11-30,228.0,100.0,0.0,,0.0
1927-12-01,228.0,6.0,46.0,,0.0
1927-12-02,44.0,6.0,198.0,,0.0
1927-12-03,39.0,-11.0,0.0,,0.0
1927-12-04,11.0,-50.0,0.0,,0.0
1927-12-05,89.0,-22.0,0.0,,0.0
1927-12-06,111.0,-72.0,0.0,,0.0
1927-12-07,156.0,-22.0,25.0,,0.0
1927-12-08,139.0,-72.0,0.0,,0.0
1927-12-09,-44.0,-144.0,0.0,,0.0
1927-12-10,94.0,-128.0,0.0,,0.0
1927-12-11,111.0,17.0,114.0,,0.0
1927-12-12,156.0,83.0,198.0,,0.0
1927-12-13,200.0,106.0,147.0,,0.0
1927-12-14,211.0,106.0,135.0,,0.0
1927-12-15,144.0,33.0,20.0,,0.0
1927-12-16,122.0,-33.0,30.0,,38.0
1927-12-17,11.0,-78.0,20.0,,25.0
1927-12-18,11.0,-61.0,0.0,,0.0
1927-12-19,-28.0,-139.0,10.0,,13.0
1927-12-20,-61.0,-100.0,10.0,,13.0
1927-12-21,-11.0,-72.0,15.0,,18.0
1927-12-22,6.0,-28.0,0.0,,0.0
1927-12-23,17.0,-117.0,0.0,,0.0
1927-12-24,6.0,-89.0,0.0,,0.0
1927-12-25,0.0,-122.0,0.0,,0.0
1927-12-26,17.0,-150.0,0.0,,0.0
1927-12-27,67.0,-150.0,0.0,,0.0
1927-12-28,100.0,-106.0,0.0,,0.0
1927-12-29,144.0,0.0,25.0,,0.0
1927-12-30,161.0,17.0,0.0,,0.0
1927-12-31,161.0,33.0,112.0,,0.0
1928-01-01,72.0,-161.0,20.0,,25.0
1928-01-02,-111.0,-183.0,0.0,,0.0
1928-01-03,-78.0,-189.0,0.0,,0.0
1928-01-04,-50.0,-206.0,0.0,,0.0
1928-01-05,17.0,-161.0,0.0,,0.0
1928-01-06,100.0,-89.0,0.0,,0.0
1928-01-07,144.0,0.0,0.0,,0.0
1928-01-08,133.0,11.0,43.0,,0.0
1928-01-09,89.0,11.0,46.0,,0.0
1928-01-10,72.0,11.0,0.0,,0.0
1928-01-11,139.0,-11.0,0.0,,0.0
1928-01-12,144.0,-67.0,0.0,,0.0
1928-01-13,156.0,-11.0,0.0,,0.0
1928-01-14,194.0,33.0,0.0,,0.0
1928-01-15,189.0,83.0,0.0,,0.0
1928-01-16,178.0,33.0,0.0,,0.0
1928-01-17,189.0,72.0,28.0,,0.0
1928-01-18,128.0,0.0,0.0,,0.0
1928-01-19,150.0,56.0,193.0,,0.0
1928-01-20,100.0,-72.0,8.0,,8.0
1928-01-21,-39.0,-128.0,5.0,,5.0
1928-01-22,44.0,-156.0,0.0,,0.0
1928-01-23,89.0,-11.0,0.0,,0.0
1928-01-24,89.0,-72.0,71.0,,0.0
1928-01-25,117.0,-33.0,178.0,,0.0
1928-01-26,50.0,-56.0,0.0,,0.0
1928-01-27,17.0,-128.0,10.0,,13.0
1928-01-28,17.0,-139.0,10.0,,13.0
1928-01-29,-44.0,-194.0,0.0,,0.0
1928-01-30,-17.0,-117.0,0.0,,0.0
1928-01-31,44.0,-139.0,20.0,,23.0
1928-02-01,44.0,0.0,0.0,,0.0
1928-02-02,44.0,-128.0,0.0,,0.0
1928-02-03,133.0,-94.0,0.0,,0.0
1928-02-04,172.0,-39.0,0.0,,0.0
1928-02-05,167.0,39.0,79.0,,0.0
1928-02-06,111.0,6.0,0.0,,0.0
1928-02-07,122.0,-17.0,33.0,,0.0
1928-02-08,161.0,94.0,58.0,,0.0
1928-02-09,172.0,-11.0,76.0,,0.0
1928-02-10,28.0,-17.0,0.0,,0.0
1928-02-11,28.0,-17.0,25.0,,33.0
1928-02-12,72.0,-83.0,0.0,,0.0
1928-02-13,128.0,39.0,0.0,,0.0
1928-02-14,156.0,33.0,30.0,,0.0
1928-02-15,89.0,11.0,30.0,,0.0
1928-02-16,39.0,0.0,13.0,,0.0
1928-02-17,72.0,-6.0,0.0,,0.0
1928-02-18,50.0,-61.0,91.0,,114.0
1928-02-19,0.0,-111.0,13.0,,15.0
1928-02-20,28.0,-33.0,0.0,,0.0
1928-02-21,11.0,-133.0,0.0,,0.0
1928-02-22,89.0,-100.0,0.0,,0.0
1928-02-23,156.0,-17.0,51.0,,0.0
1928-02-24,144.0,-33.0,56.0,,0.0
1928-02-25,28.0,-106.0,0.0,,0.0
1928-02-26,-11.0,-89.0,0.0,,0.0
1928-02-27,83.0,-89.0,0.0,,0.0
1928-02-28,106.0,-50.0,0.0,,0.0
1928-02-29,111.0,-22.0,0.0,,0.0
1928-03-01,100.0,-22.0,76.0,,0.0
1928-03-02,44.0,-33.0,0.0,,0.0
1928-03-03,56.0,-22.0,20.0,,25.0
1928-03-04,133.0,-106.0,0.0,,0.0
1928-03-05,128.0,-83.0,13.0,,0.0
1928-03-06,50.0,-117.0,0.0,,0.0
1928-03-07,128.0,-78.0,0.0,,0.0
1928-03-08,139.0,-78.0,0.0,,0.0
1928-03-09,139.0,22.0,137.0,,0.0
1928-03-10,139.0,-22.0,0.0,,0.0
1928-03-11,150.0,-39.0,0.0,,0.0
1928-03-12,206.0,-6.0,0.0,,0.0
1928-03-13,278.0,-6.0,0.0,,0.0
1928-03-14,250.0,28.0,56.0,,0.0
1928-03-15,111.0,-50.0,0.0,,0.0
1928-03-16,111.0,-6.0,152.0,,0.0
1928-03-17,28.0,-28.0,41.0,,0.0
1928-03-18,11.0,-28.0,264.0,330.0,330.0
1928-03-19,33.0,-39.0,0.0,152.0,0.0
1928-03-20,72.0,-39.0,8.0,25.0,8.0
1928-03-21,78.0,-56.0,0.0,,0.0
1928-03-22,172.0,-28.0,0.0,,0.0
1928-03-23,206.0,-17.0,0.0,,0.0
1928-03-24,261.0,6.0,0.0,,0.0
1928-03-25,,94.0,0.0,,0.0
1928-03-26,267.0,44.0,0.0,,0.0
1928-03-27,261.0,-17.0,61.0,,0.0
1928-03-28,100.0,-39.0,0.0,,0.0
1928-03-29,267.0,0.0,0.0,,0.0
1928-03-30,244.0,22.0,102.0,,0.0
1928-03-31,,-39.0,0.0,,0.0
1928-04-01,,-44.0,0.0,,0.0
1928-04-02,,-17.0,0.0,,0.0
1928-04-03,,44.0,0.0,,0.0
1928-04-04,,72.0,0.0,,0.0
1928-04-05,,72.0,0.0,,0.0
1928-04-06,,61.0,0.0,,0.0
1928-04-07,,89.0,178.0,,0.0
1928-04-08,211.0,,13.0,,0.0
1928-04-09,111.0,-22.0,0.0,,0.0
1928-04-10,122.0,0.0,0.0,,0.0
1928-04-11,111.0,22.0,249.0,,0.0
1928-04-12,139.0,11.0,53.0,,0.0
1928-04-13,172.0,-28.0,0.0,,0.0
1928-04-14,217.0,94.0,10.0,,0.0
1928-04-15,183.0,-17.0,0.0,,0.0
1928-04-16,100.0,-78.0,0.0,,0.0
1928-04-17,106.0,-39.0,0.0,,0.0
1928-04-18,222.0,-22.0,0.0,,0.0
1928-04-19,239.0,139.0,0.0,,0.0
1928-04-20,211.0,33.0,0.0,,0.0
1928-04-21,167.0,17.0,86.0,,0.0
1928-04-22,222.0,111.0,23.0,,0.0
1928-04-23,222.0,67.0,132.0,,0.0
1928-04-24,139.0,50.0,23.0,,0.0
1928-04-25,111.0,11.0,0.0,,0.0
1928-04-26,133.0,-39.0,0.0,,0.0
1928-04-27,117.0,6.0,165.0,51.0,254.0
1928-04-28,28.0,6.0,124.0,152.0,203.0
1928-04-29,183.0,-28.0,0.0,,0.0
1928-04-30,233.0,106.0,0.0,,0.0
1928-05-01,233.0,28.0,0.0,,0.0
1928-05-02,239.0,6.0,0.0,,0.0
1928-05-03,306.0,17.0,0.0,,0.0
1928-05-04,322.0,50.0,0.0,,0.0
1928-05-05,317.0,89.0,0.0,,0.0
1928-05-06,156.0,33.0,15.0,,0.0
1928-05-07,172.0,61.0,0.0,,0.0
1928-05-08,211.0,-11.0,0.0,,0.0
1928-05-09,239.0,-17.0,0.0,,0.0
1928-05-10,300.0,17.0,0.0,,0.0
1928-05-11,300.0,78.0,15.0,,0.0
1928-05-12,183.0,17.0,74.0,,0.0
1928-05-13,194.0,-17.0,0.0,,0.0
1928-05-14,250.0,-6.0,0.0,,0.0
1928-05-15,267.0,39.0,0.0,,0.0
1928-05-16,283.0,106.0,0.0,,0.0
1928-05-17,283.0,128.0,188.0,,0.0
1928-05-18,267.0,161.0,0.0,,0.0
1928-05-19,272.0,150.0,33.0,,0.0
1928-05-20,256.0,156.0,264.0,,0.0
1928-05-21,267.0,128.0,0.0,,0.0
1928-05-22,283.0,94.0,0.0,,0.0
1928-05-23,261.0,78.0,0.0,,0.0
1928-05-24,250.0,17.0,0.0,,0.0
1928-05-25,183.0,89.0,178.0,,0.0
1928-05-26,200.0,67.0,0.0,,0.0
1928-05-27,217.0,50.0,61.0,,0.0
1928-05-28,217.0,72.0,0.0,,0.0
1928-05-29,211.0,39.0,0.0,,0.0
1928-05-30,194.0,67.0,79.0,,0.0
1928-05-31,206.0,72.0,53.0,,0.0
1928-06-01,239.0,39.0,0.0,,0.0
1928-06-02,261.0,172.0,0.0,,0.0
1928-06-03,272.0,78.0,0.0,,0.0
1928-06-04,261.0,122.0,112.0,,0.0
1928-06-05,272.0,189.0,3.0,,0.0
1928-06-06,256.0,139.0,142.0,,0.0
1928-06-07,194.0,106.0,53.0,,0.0
1928-06-08,244.0,89.0,0.0,,0.0
1928-06-09,256.0,144.0,155.0,,0.0
1928-06-10,211.0,117.0,112.0,,0.0
1928-06-11,222.0,67.0,0.0,,0.0
1928-06-12,283.0,144.0,0.0,,0.0
1928-06-13,300.0,133.0,28.0,,0.0
1928-06-14,311.0,161.0,25.0,,0.0
1928-06-15,256.0,111.0,0.0,,0.0
1928-06-16,283.0,78.0,0.0,,0.0
1928-06-17,300.0,94.0,0.0,,0.0
1928-06-18,272.0,167.0,28.0,,0.0
1928-06-19,283.0,167.0,257.0,,0.0
1928-06-20,300.0,172.0,122.0,,0.0
1928-06-21,267.0,183.0,150.0,,0.0
1928-06-22,289.0,178.0,48.0,,0.0
1928-06-23,317.0,150.0,15.0,,0.0
1928-06-24,300.0,178.0,91.0,,0.0
1928-06-25,250.0,133.0,74.0,,0.0
1928-06-26,233.0,111.0,3.0,,0.0
1928-06-27,239.0,111.0,0.0,,0.0
1928-06-28,283.0,100.0,0.0,,0.0
1928-06-29,250.0,161.0,269.0,,0.0
1928-06-30,250.0,150.0,81.0,,0.0
1928-07-01,300.0,156.0,0.0,,
1928-07-02,306.0,128.0,36.0,,
1928-07-03,339.0,139.0,86.0,,
1928-07-04,328.0,167.0,99.0,,
1928-07-05,294.0,172.0,46.0,,
1928-07-06,289.0,172.0,20.0,,
1928-07-07,322.0,150.0,0.0,,
1928-07-08,344.0,161.0,102.0,,
1928-07-09,317.0,178.0,74.0,,
1928-07-10,317.0,189.0,74.0,,
1928-07-11,328.0,156.0,0.0,,
1928-07-12,333.0,167.0,71.0,,
1928-07-13,300.0,156.0,229.0,,
1928-07-14,239.0,167.0,112.0,,
1928-07-15,267.0,111.0,102.0,,
1928-07-16,300.0,133.0,0.0,,
1928-07-17,322.0,133.0,0.0,,
1928-07-18,328.0,139.0,0.0,,
1928-07-19,333.0,161.0,0.0,,
1928-07-20,361.0,206.0,18.0,,
1928-07-21,328.0,183.0,264.0,,
1928-07-22,322.0,194.0,18.0,,
1928-07-23,306.0,194.0,81.0,,
1928-07-24,306.0,167.0,10.0,,
1928-07-25,306.0,156.0,0.0,,
1928-07-26,317.0,150.0,0.0,,
1928-07-27,300.0,194.0,36.0,,
1928-07-28,283.0,178.0,183.0,,
1928-07-29,244.0,117.0,0.0,,
1928-07-30,267.0,83.0,0.0,,
1928-07-31,306.0,100.0,0.0,,
1928-08-01,306.0,194.0,124.0,,0.0
1928-08-02,306.0,183.0,5.0,,0.0
1928-08-03,328.0,172.0,10.0,,0.0
1928-08-04,311.0,194.0,5.0,,0.0
1928-08-05,328.0,183.0,0.0,,0.0
1928-08-06,328.0,183.0,28.0,,0.0
1928-08-07,289.0,178.0,28.0,,0.0
1928-08-08,328.0,183.0,0.0,,0.0
1928-08-09,328.0,178.0,0.0,,0.0
1928-08-10,322.0,178.0,0.0,,0.0
1928-08-11,311.0,183.0,94.0,,0.0
1928-08-12,244.0,172.0,0.0,,0.0
1928-08-13,300.0,117.0,0.0,,0.0
1928-08-14,322.0,139.0,0.0,,0.0
1928-08-15,322.0,172.0,0.0,,0.0
1928-08-16,283.0,167.0,264.0,,0.0
1928-08-17,261.0,194.0,94.0,,0.0
1928-08-18,272.0,194.0,135.0,,0.0
1928-08-19,267.0,178.0,46.0,,0.0
1928-08-20,289.0,167.0,0.0,,0.0
1928-08-21,306.0,133.0,0.0,,0.0
1928-08-22,289.0,167.0,0.0,,0.0
1928-08-23,294.0,117.0,0.0,,0.0
1928-08-24,317.0,150.0,132.0,,0.0
1928-08-25,233.0,172.0,30.0,,0.0
1928-08-26,278.0,183.0,20.0,,0.0
1928-08-27,311.0,194.0,43.0,,0.0
1928-08-28,322.0,183.0,0.0,,0.0
1928-08-29,328.0,183.0,0.0,,0.0
1928-08-30,328.0,194.0,46.0,,0.0
1928-08-31,278.0,194.0,51.0,,0.0
1928-09-01,256.0,94.0,0.0,,0.0
1928-09-02,283.0,100.0,0.0,,0.0
1928-09-03,267.0,161.0,244.0,,0.0
1928-09-04,217.0,78.0,5.0,,0.0
1928-09-05,217.0,72.0,0.0,,0.0
1928-09-06,211.0,139.0,15.0,,0.0
1928-09-07,250.0,117.0,0.0,,0.0
1928-09-08,256.0,106.0,0.0,,0.0
1928-09-09,283.0,100.0,0.0,,0.0
1928-09-10,311.0,111.0,0.0,,0.0
1928-09-11,311.0,117.0,0.0,,0.0
1928-09-12,294.0,122.0,0.0,,0.0
1928-09-13,300.0,122.0,41.0,,0.0
1928-09-14,306.0,172.0,91.0,,0.0
1928-09-15,322.0,183.0,20.0,,0.0
1928-09-16,294.0,150.0,0.0,,0.0
1928-09-17,294.0,117.0,0.0,,0.0
1928-09-18,283.0,117.0,0.0,,0.0
1928-09-19,156.0,83.0,58.0,,0.0
1928-09-20,150.0,94.0,310.0,,0.0
1928-09-21,244.0,128.0,0.0,,0.0
1928-09-22,267.0,72.0,0.0,,0.0
1928-09-23,256.0,50.0,0.0,,0.0
1928-09-24,183.0,6.0,0.0,,0.0
1928-09-25,167.0,11.0,0.0,,0.0
1928-09-26,167.0,-17.0,0.0,,0.0
1928-09-27,178.0,0.0,0.0,,0.0
1928-09-28,200.0,6.0,0.0,,0.0
1928-09-29,194.0,89.0,48.0,,0.0
1928-09-30,150.0,106.0,81.0,,0.0
1928-10-01,217.0,28.0,0.0,,0.0
1928-10-02,217.0,61.0,0.0,,0.0
1928-10-03,250.0,94.0,0.0,,0.0
1928-10-04,289.0,94.0,0.0,,0.0
1928-10-05,289.0,94.0,30.0,,0.0
1928-10-06,233.0,67.0,33.0,,0.0
1928-10-07,233.0,39.0,0.0,,0.0
1928-10-08,267.0,17.0,0.0,,0.0
1928-10-09,294.0,111.0,30.0,,0.0
1928-10-10,261.0,33.0,0.0,,0.0
1928-10-11,289.0,33.0,0.0,,0.0
1928-10-12,294.0,78.0,0.0,,0.0
1928-10-13,294.0,78.0,0.0,,0.0
1928-10-14,289.0,94.0,8.0,,0.0
1928-10-15,283.0,72.0,0.0,,0.0
1928-10-16,283.0,144.0,5.0,,0.0
1928-10-17,311.0,183.0,0.0,,0.0
1928-10-18,300.0,172.0,157.0,,0.0
1928-10-19,239.0,67.0,0.0,,0.0
1928-10-20,206.0,11.0,0.0,,0.0
1928-10-21,194.0,-6.0,0.0,,0.0
1928-10-22,250.0,28.0,0.0,,0.0
1928-10-23,233.0,111.0,122.0,,0.0
1928-10-24,139.0,44.0,0.0,,0.0
1928-10-25,139.0,17.0,20.0,,0.0
1928-10-26,117.0,-28.0,0.0,,0.0
1928-10-27,150.0,-22.0,0.0,,0.0
1928-10-28,144.0,78.0,91.0,,0.0
1928-10-29,106.0,-11.0,0.0,,0.0
1928-10-30,94.0,-83.0,0.0,,0.0
1928-10-31,122.0,-28.0,0.0,,0.0
1928-11-01,167.0,-39.0,0.0,,0.0
1928-11-02,206.0,0.0,0.0,,0.0
1928-11-03,178.0,78.0,30.0,,0.0
1928-11-04,172.0,61.0,56.0,,0.0
1928-11-05,167.0,-17.0,0.0,,0.0
1928-11-06,,-11.0,0.0,,0.0
1928-11-07,,-44.0,0.0,,0.0
1928-11-08,,67.0,56.0,,0.0
1928-11-09,,-17.0,15.0,,0.0
1928-11-10,,-11.0,61.0,25.0,25.0
1928-11-11,,11.0,3.0,,0.0
1928-11-12,,-28.0,30.0,,0.0
1928-11-13,89.0,33.0,0.0,,0.0
1928-11-14,194.0,-61.0,0.0,,0.0
1928-11-15,178.0,17.0,18.0,,0.0
1928-11-16,206.0,106.0,3.0,,0.0
1928-11-17,239.0,67.0,0.0,,0.0
1928-11-18,239.0,139.0,13.0,,0.0
1928-11-19,211.0,89.0,239.0,,0.0
1928-11-20,100.0,6.0,28.0,0.0,0.0
1928-11-21,50.0,-17.0,15.0,,0.0
1928-11-22,56.0,-6.0,48.0,,0.0
1928-11-23,28.0,0.0,25.0,,0.0
1928-11-24,72.0,-39.0,0.0,,0.0
1928-11-25,72.0,-44.0,20.0,25.0,25.0
1928-11-26,-17.0,-111.0,0.0,,0.0
1928-11-27,67.0,-67.0,0.0,,0.0
1928-11-28,56.0,-17.0,0.0,,0.0
1928-11-29,83.0,39.0,18.0,,0.0
1928-11-30,128.0,61.0,351.0,,0.0
1928-12-01,122.0,28.0,25.0,,0.0
1928-12-02,128.0,-67.0,0.0,,0.0
1928-12-03,139.0,-61.0,0.0,,0.0
1928-12-04,133.0,-33.0,0.0,,0.0
1928-12-05,94.0,,28.0,,0.0
1928-12-06,28.0,-117.0,0.0,,0.0
1928-12-07,33.0,-100.0,0.0,,0.0
1928-12-08,33.0,-83.0,41.0,0.0,51.0
1928-12-09,0.0,-100.0,0.0,,0.0
1928-12-10,44.0,-128.0,0.0,,0.0
1928-12-11,111.0,-106.0,0.0,,0.0
1928-12-12,111.0,-83.0,0.0,,0.0
1928-12-13,183.0,-67.0,0.0,,0.0
1928-12-14,167.0,17.0,239.0,,0.0
1928-12-15,111.0,72.0,91.0,,0.0
1928-12-16,117.0,6.0,0.0,,0.0
1928-12-17,167.0,39.0,8.0,0.0,0.0
1928-12-18,144.0,-17.0,97.0,,0.0
1928-12-19,72.0,-50.0,0.0,,0.0
1928-12-20,72.0,-56.0,0.0,,0.0
1928-12-21,22.0,-122.0,0.0,,0.0
1928-12-22,44.0,-128.0,0.0,,0.0
1928-12-23,50.0,-117.0,0.0,,0.0
1928-12-24,56.0,-111.0,0.0,,0.0
1928-12-25,100.0,-94.0,0.0,,0.0
1928-12-26,94.0,-100.0,0.0,,0.0
1928-12-27,94.0,-61.0,33.0,,0.0
1928-12-28,83.0,6.0,8.0,,0.0
1928-12-29,117.0,-33.0,58.0,,0.0
1928-12-30,50.0,-22.0,0.0,,0.0
1928-12-31,89.0,-78.0,0.0,,0.0
1929-01-01,106.0,-11.0,97.0,,0.0
1929-01-02,67.0,-56.0,0.0,,0.0
1929-01-03,33.0,-128.0,0.0,,0.0
1929-01-04,67.0,-44.0,0.0,,0.0
1929-01-05,156.0,-83.0,0.0,,0.0
1929-01-06,156.0,-61.0,46.0,,0.0
1929-01-07,-17.0,-61.0,0.0,,0.0
1929-01-08,-44.0,-172.0,0.0,,0.0
1929-01-09,83.0,-94.0,0.0,,0.0
1929-01-10,94.0,11.0,168.0,,0.0
1929-01-11,56.0,-11.0,0.0,,0.0
1929-01-12,56.0,-83.0,8.0,,0.0
1929-01-13,-17.0,-78.0,23.0,51.0,51.0
1929-01-14,-44.0,-244.0,0.0,,0.0
1929-01-15,44.0,-67.0,15.0,25.0,25.0
1929-01-16,33.0,-150.0,0.0,,0.0
1929-01-17,206.0,-6.0,0.0,,0.0
1929-01-18,211.0,50.0,23.0,,0.0
1929-01-19,211.0,56.0,53.0,,0.0
1929-01-20,67.0,-33.0,0.0,,0.0
1929-01-21,117.0,-78.0,0.0,,0.0
1929-01-22,72.0,-28.0,36.0,,0.0
1929-01-23,150.0,28.0,10.0,,0.0
1929-01-24,67.0,-17.0,8.0,,0.0
1929-01-25,161.0,50.0,79.0,,0.0
1929-01-26,50.0,-78.0,0.0,,0.0
1929-01-27,28.0,-106.0,0.0,,0.0
1929-01-28,39.0,-44.0,0.0,,0.0
1929-01-29,-44.0,-106.0,0.0,,0.0
1929-01-30,-22.0,-111.0,0.0,,0.0
1929-01-31,-17.0,-67.0,23.0,51.0,51.0
1929-02-01,-11.0,-78.0,0.0,,0.0
1929-02-02,-67.0,-117.0,0.0,,0.0
1929-02-03,-22.0,-144.0,0.0,,0.0
1929-02-04,11.0,-161.0,0.0,,0.0
1929-02-05,94.0,-117.0,0.0,,0.0
1929-02-06,44.0,-11.0,160.0,,0.0
1929-02-07,56.0,0.0,97.0,,0.0
1929-02-08,111.0,-6.0,5.0,,0.0
1929-02-09,100.0,-6.0,10.0,,0.0
1929-02-10,44.0,-106.0,0.0,,0.0
1929-02-11,0.0,-139.0,0.0,,0.0
1929-02-12,0.0,-117.0,0.0,,0.0
1929-02-13,56.0,-117.0,0.0,,0.0
1929-02-14,61.0,-72.0,0.0,,0.0
1929-02-15,67.0,-117.0,0.0,,0.0
1929-02-16,94.0,-11.0,0.0,,0.0
1929-02-17,111.0,-72.0,0.0,,0.0
1929-02-18,128.0,-72.0,0.0,,0.0
1929-02-19,128.0,-39.0,5.0,,0.0
1929-02-20,56.0,-128.0,84.0,76.0,76.0
1929-02-21,44.0,-72.0,145.0,279.0,305.0
1929-02-22,11.0,-33.0,0.0,,0.0
1929-02-23,28.0,-206.0,0.0,,0.0
1929-02-24,122.0,-167.0,0.0,,0.0
1929-02-25,167.0,-89.0,0.0,,0.0
1929-02-26,156.0,28.0,282.0,,0.0
1929-02-27,172.0,39.0,0.0,,0.0
1929-02-28,111.0,22.0,13.0,,0.0
1929-03-01,100.0,-22.0,0.0,,0.0
1929-03-02,100.0,-11.0,109.0,,51.0
1929-03-03,139.0,-83.0,0.0,,0.0
1929-03-04,133.0,-28.0,97.0,,0.0
1929-03-05,106.0,0.0,274.0,,51.0
1929-03-06,122.0,-89.0,94.0,,0.0
1929-03-07,144.0,-39.0,0.0,,0.0
1929-03-08,61.0,-100.0,0.0,,0.0
1929-03-09,56.0,-17.0,0.0,,0.0
1929-03-10,61.0,-144.0,0.0,,0.0
1929-03-11,167.0,-106.0,0.0,,0.0
1929-03-12,217.0,-33.0,0.0,,0.0
1929-03-13,217.0,39.0,33.0,,0.0
1929-03-14,189.0,106.0,46.0,,0.0
1929-03-15,228.0,67.0,0.0,,0.0
1929-03-16,233.0,44.0,69.0,,0.0
1929-03-17,44.0,-17.0,23.0,,0.0
1929-03-18,144.0,-67.0,0.0,,0.0
1929-03-19,178.0,-44.0,0.0,,0.0
1929-03-20,167.0,33.0,0.0,,0.0
1929-03-21,200.0,-39.0,0.0,,0.0
1929-03-22,200.0,122.0,0.0,,0.0
1929-03-23,211.0,128.0,109.0,,0.0
1929-03-24,289.0,100.0,0.0,,0.0
1929-03-25,317.0,72.0,0.0,,0.0
1929-03-26,311.0,106.0,66.0,,0.0
1929-03-27,178.0,-11.0,0.0,,0.0
1929-03-28,167.0,0.0,0.0,,0.0
1929-03-29,172.0,-56.0,0.0,,0.0
1929-03-30,172.0,61.0,79.0,,0.0
1929-03-31,250.0,28.0,0.0,,0.0
1929-04-01,256.0,144.0,8.0,,0.0
1929-04-02,144.0,-17.0,0.0,,0.0
1929-04-03,233.0,-17.0,0.0,,0.0
1929-04-04,233.0,100.0,160.0,,0.0
1929-04-05,272.0,139.0,0.0,,0.0
1929-04-06,283.0,156.0,0.0,,0.0
1929-04-07,300.0,89.0,0.0,,0.0
1929-04-08,300.0,83.0,0.0,,0.0
1929-04-09,283.0,133.0,30.0,,0.0
1929-04-10,189.0,117.0,41.0,,0.0
1929-04-11,206.0,44.0,0.0,,0.0
1929-04-12,167.0,61.0,13.0,,0.0
1929-04-13,211.0,6.0,0.0,,0.0
1929-04-14,211.0,33.0,0.0,,0.0
1929-04-15,161.0,83.0,76.0,,0.0
1929-04-16,106.0,17.0,142.0,,0.0
1929-04-17,78.0,28.0,51.0,,0.0
1929-04-18,100.0,22.0,0.0,,0.0
1929-04-19,178.0,-50.0,0.0,,0.0
1929-04-20,267.0,6.0,0.0,,0.0
1929-04-21,267.0,133.0,8.0,,0.0
1929-04-22,222.0,56.0,147.0,,0.0
1929-04-23,178.0,-28.0,0.0,,0.0
1929-04-24,233.0,-11.0,0.0,,0.0
1929-04-25,261.0,106.0,0.0,,0.0
1929-04-26,267.0,94.0,109.0,,0.0
1929-04-27,239.0,11.0,0.0,,0.0
1929-04-28,244.0,67.0,5.0,,0.0
1929-04-29,217.0,61.0,46.0,,0.0
1929-04-30,256.0,0.0,0.0,,0.0
1929-05-01,267.0,128.0,0.0,,0.0
1929-05-02,267.0,122.0,5.0,,0.0
1929-05-03,250.0,128.0,165.0,,0.0
1929-05-04,256.0,17.0,53.0,,0.0
1929-05-05,217.0,72.0,48.0,,0.0
1929-05-06,167.0,39.0,178.0,,0.0
1929-05-07,183.0,78.0,18.0,,0.0
1929-05-08,189.0,0.0,0.0,,0.0
1929-05-09,189.0,72.0,0.0,,0.0
1929-05-10,211.0,28.0,0.0,,0.0
1929-05-11,272.0,28.0,0.0,,0.0
1929-05-12,211.0,161.0,5.0,,0.0
1929-05-13,233.0,117.0,119.0,,0.0
1929-05-14,256.0,122.0,8.0,,0.0
1929-05-15,278.0,161.0,5.0,,0.0
1929-05-16,278.0,122.0,0.0,,0.0
1929-05-17,239.0,0.0,0.0,,0.0
1929-05-18,272.0,94.0,0.0,,0.0
1929-05-19,217.0,111.0,335.0,,0.0
1929-05-20,117.0,72.0,41.0,,0.0
1929-05-21,128.0,94.0,86.0,,0.0
1929-05-22,183.0,50.0,0.0,,0.0
1929-05-23,239.0,11.0,0.0,,0.0
1929-05-24,239.0,89.0,0.0,,0.0
1929-05-25,256.0,122.0,102.0,,0.0
1929-05-26,272.0,72.0,0.0,,0.0
1929-05-27,311.0,128.0,0.0,,0.0
1929-05-28,311.0,161.0,0.0,,0.0
1929-05-29,289.0,172.0,56.0,,0.0
1929-05-30,306.0,172.0,0.0,,0.0
1929-05-31,300.0,161.0,0.0,,0.0
1929-06-01,294.0,122.0,0.0,,0.0
1929-06-02,250.0,117.0,0.0,,0.0
1929-06-03,178.0,61.0,0.0,,0.0
1929-06-04,228.0,11.0,0.0,,0.0
1929-06-05,250.0,33.0,0.0,,0.0
1929-06-06,,72.0,0.0,,0.0
1929-06-07,,72.0,0.0,,0.0
1929-06-08,,150.0,104.0,,0.0
1929-06-09,,122.0,0.0,,0.0
1929-06-10,,67.0,0.0,,0.0
1929-06-11,300.0,67.0,0.0,,0.0
1929-06-12,317.0,100.0,0.0,,0.0
1929-06-13,311.0,128.0,10.0,,0.0
1929-06-14,311.0,167.0,0.0,,0.0
1929-06-15,317.0,100.0,0.0,,0.0
1929-06-16,311.0,144.0,0.0,,0.0
1929-06-17,311.0,122.0,0.0,,0.0
1929-06-18,333.0,150.0,0.0,,0.0
1929-06-19,344.0,144.0,10.0,,0.0
1929-06-20,328.0,144.0,0.0,,0.0
1929-06-21,333.0,150.0,0.0,,0.0
1929-06-22,339.0,156.0,0.0,,0.0
1929-06-23,328.0,122.0,89.0,,0.0
1929-06-24,328.0,167.0,25.0,,0.0
1929-06-25,311.0,189.0,30.0,,0.0
1929-06-26,283.0,150.0,18.0,,0.0
1929-06-27,300.0,89.0,0.0,,0.0
1929-06-28,306.0,161.0,127.0,,0.0
1929-06-29,244.0,133.0,15.0,,0.0
1929-06-30,300.0,83.0,0.0,,0.0
1929-07-01,261.0,161.0,13.0,,0.0
1929-07-02,250.0,133.0,0.0,,0.0
1929-07-03,261.0,44.0,0.0,,0.0
1929-07-04,261.0,61.0,0.0,,0.0
1929-07-05,317.0,122.0,8.0,,0.0
1929-07-06,333.0,139.0,0.0,,0.0
1929-07-07,339.0,156.0,114.0,,0.0
1929-07-08,328.0,172.0,53.0,,0.0
1929-07-09,333.0,178.0,25.0,,0.0
1929-07-10,322.0,161.0,15.0,,0.0
1929-07-11,306.0,161.0,0.0,,0.0
1929-07-12,328.0,172.0,112.0,,0.0
1929-07-13,328.0,161.0,0.0,,0.0
1929-07-14,328.0,183.0,257.0,,0.0
1929-07-15,300.0,161.0,23.0,,0.0
1929-07-16,300.0,144.0,0.0,,0.0
1929-07-17,328.0,139.0,0.0,,0.0
1929-07-18,350.0,200.0,0.0,,0.0
1929-07-19,317.0,150.0,0.0,,0.0
1929-07-20,267.0,72.0,0.0,,0.0
1929-07-21,294.0,39.0,0.0,,0.0
1929-07-22,306.0,128.0,0.0,,0.0
1929-07-23,328.0,144.0,36.0,,0.0
1929-07-24,333.0,133.0,0.0,,0.0
1929-07-25,333.0,156.0,0.0,,0.0
1929-07-26,333.0,167.0,33.0,,0.0
1929-07-27,311.0,156.0,175.0,,0.0
1929-07-28,344.0,161.0,0.0,,0.0
1929-07-29,344.0,178.0,58.0,,0.0
1929-07-30,322.0,183.0,0.0,,0.0
1929-07-31,,128.0,0.0,,0.0
1929-08-01,322.0,,112.0,,0.0
1929-08-02,328.0,139.0,206.0,,0.0
1929-08-03,289.0,161.0,191.0,,0.0
1929-08-04,272.0,128.0,112.0,,0.0
1929-08-05,244.0,72.0,0.0,,0.0
1929-08-06,239.0,94.0,0.0,0.0,0.0
1929-08-07,278.0,122.0,0.0,,0.0
1929-08-08,306.0,144.0,0.0,,0.0
1929-08-09,311.0,133.0,0.0,,0.0
1929-08-10,317.0,150.0,0.0,0.0,0.0
1929-08-11,322.0,178.0,0.0,0.0,0.0
1929-08-12,322.0,194.0,0.0,0.0,0.0
1929-08-13,328.0,144.0,0.0,,0.0
1929-08-14,317.0,144.0,0.0,0.0,0.0
1929-08-15,283.0,117.0,0.0,,0.0
1929-08-16,278.0,56.0,0.0,,0.0
1929-08-17,317.0,78.0,0.0,,0.0
1929-08-18,322.0,128.0,0.0,,0.0
1929-08-19,311.0,133.0,28.0,,0.0
1929-08-20,261.0,72.0,0.0,,0.0
1929-08-21,311.0,72.0,0.0,,0.0
1929-08-22,306.0,117.0,13.0,,0.0
1929-08-23,256.0,150.0,363.0,,0.0
1929-08-24,278.0,167.0,0.0,,0.0
1929-08-25,289.0,117.0,0.0,,0.0
1929-08-26,289.0,83.0,0.0,,0.0
1929-08-27,311.0,111.0,43.0,,0.0
1929-08-28,244.0,83.0,30.0,,0.0
1929-08-29,256.0,78.0,8.0,,0.0
1929-08-30,222.0,100.0,0.0,,0.0
1929-08-31,261.0,72.0,0.0,,0.0
1929-09-01,300.0,61.0,0.0,,0.0
1929-09-02,322.0,133.0,0.0,,0.0
1929-09-03,328.0,94.0,0.0,,0.0
1929-09-04,322.0,128.0,0.0,0.0,0.0
1929-09-05,333.0,128.0,0.0,0.0,0.0
1929-09-06,333.0,139.0,0.0,0.0,0.0
1929-09-07,328.0,183.0,0.0,0.0,0.0
1929-09-08,322.0,183.0,284.0,,0.0
1929-09-09,306.0,172.0,211.0,,0.0
1929-09-10,317.0,194.0,58.0,,0.0
1929-09-11,311.0,83.0,0.0,,0.0
1929-09-12,278.0,89.0,0.0,,0.0
1929-09-13,267.0,156.0,10.0,,0.0
1929-09-14,239.0,139.0,137.0,,0.0
1929-09-15,233.0,50.0,3.0,,0.0
1929-09-16,267.0,61.0,15.0,,0.0
1929-09-17,239.0,156.0,203.0,,0.0
1929-09-18,222.0,89.0,0.0,,0.0
1929-09-19,189.0,0.0,0.0,,0.0
1929-09-20,200.0,17.0,0.0,,0.0
1929-09-21,206.0,22.0,0.0,,0.0
1929-09-22,217.0,6.0,0.0,,0.0
1929-09-23,244.0,,0.0,,0.0
1929-09-24,267.0,67.0,0.0,,0.0
1929-09-25,278.0,161.0,0.0,,0.0
1929-09-26,278.0,144.0,0.0,0.0,0.0
1929-09-27,294.0,156.0,0.0,,0.0
1929-09-28,317.0,133.0,0.0,,0.0
1929-09-29,317.0,128.0,0.0,,0.0
1929-09-30,239.0,150.0,114.0,,0.0
1929-10-01,183.0,106.0,20.0,,0.0
1929-10-02,194.0,111.0,686.0,,0.0
1929-10-03,172.0,61.0,102.0,,0.0
1929-10-04,178.0,67.0,84.0,,0.0
1929-10-05,200.0,17.0,0.0,,0.0
1929-10-06,233.0,39.0,0.0,,0.0
1929-10-07,244.0,83.0,0.0,,0.0
1929-10-08,211.0,6.0,0.0,,0.0
1929-10-09,178.0,-11.0,0.0,,0.0
1929-10-10,217.0,17.0,0.0,,0.0
1929-10-11,244.0,6.0,0.0,,0.0
1929-10-12,250.0,28.0,0.0,,0.0
1929-10-13,217.0,83.0,51.0,,0.0
1929-10-14,217.0,28.0,0.0,,0.0
1929-10-15,183.0,6.0,0.0,,0.0
1929-10-16,228.0,-6.0,0.0,,0.0
1929-10-17,222.0,0.0,99.0,,0.0
1929-10-18,189.0,-33.0,0.0,,0.0
1929-10-19,250.0,-11.0,0.0,,0.0
1929-10-20,267.0,11.0,0.0,,0.0
1929-10-21,239.0,100.0,0.0,,0.0
1929-10-22,211.0,117.0,229.0,,0.0
1929-10-23,167.0,72.0,5.0,,0.0
1929-10-24,156.0,28.0,8.0,,0.0
1929-10-25,111.0,17.0,51.0,,0.0
1929-10-26,200.0,11.0,0.0,,0.0
1929-10-27,222.0,0.0,0.0,,0.0
1929-10-28,217.0,-17.0,0.0,,0.0
1929-10-29,161.0,72.0,51.0,,0.0
1929-10-30,211.0,83.0,48.0,,0.0
1929-10-31,267.0,122.0,38.0,,0.0
1929-11-01,267.0,128.0,76.0,,0.0
1929-11-02,256.0,167.0,0.0,,0.0
1929-11-03,194.0,100.0,361.0,,0.0
1929-11-04,139.0,56.0,0.0,,0.0
1929-11-05,156.0,-6.0,0.0,,0.0
1929-11-06,150.0,-56.0,0.0,,0.0
1929-11-07,150.0,-22.0,0.0,,0.0
1929-11-08,128.0,44.0,0.0,,0.0
1929-11-09,139.0,-44.0,0.0,,0.0
1929-11-10,156.0,-72.0,0.0,,0.0
1929-11-11,206.0,128.0,56.0,,0.0
1929-11-12,211.0,17.0,0.0,,0.0
1929-11-13,211.0,56.0,46.0,,0.0
1929-11-14,222.0,128.0,58.0,,0.0
1929-11-15,211.0,100.0,142.0,,0.0
1929-11-16,156.0,-11.0,0.0,,0.0
1929-11-17,156.0,100.0,241.0,,0.0
1929-11-18,161.0,72.0,244.0,,0.0
1929-11-19,100.0,33.0,0.0,,0.0
1929-11-20,78.0,17.0,5.0,,0.0
1929-11-21,67.0,-28.0,0.0,,0.0
1929-11-22,28.0,-106.0,20.0,,25.0
1929-11-23,139.0,-94.0,0.0,,0.0
1929-11-24,44.0,-11.0,241.0,,0.0
1929-11-25,44.0,-11.0,0.0,,0.0
1929-11-26,89.0,-22.0,13.0,,0.0
1929-11-27,83.0,56.0,10.0,,0.0
1929-11-28,67.0,33.0,18.0,,0.0
1929-11-29,33.0,-94.0,91.0,,0.0
1929-11-30,33.0,-183.0,0.0,,0.0
1929-12-01,-22.0,-194.0,0.0,,0.0
1929-12-02,17.0,-83.0,53.0,,0.0
1929-12-03,6.0,-94.0,0.0,,0.0
1929-12-04,-17.0,-128.0,0.0,,0.0
1929-12-05,94.0,-61.0,0.0,,0.0
1929-12-06,144.0,-28.0,0.0,,0.0
1929-12-07,144.0,6.0,0.0,,0.0
1929-12-08,133.0,28.0,23.0,,0.0
1929-12-09,106.0,-56.0,0.0,,0.0
1929-12-10,128.0,,0.0,,0.0
1929-12-11,128.0,17.0,3.0,,0.0
1929-12-12,167.0,33.0,36.0,,0.0
1929-12-13,200.0,100.0,20.0,,0.0
1929-12-14,183.0,67.0,36.0,,0.0
1929-12-15,178.0,83.0,0.0,,0.0
1929-12-16,167.0,33.0,0.0,,0.0
1929-12-17,200.0,61.0,0.0,,0.0
1929-12-18,194.0,106.0,10.0,,0.0
1929-12-19,167.0,-61.0,38.0,,0.0
1929-12-20,6.0,-111.0,5.0,,0.0
1929-12-21,-28.0,-111.0,0.0,,0.0
1929-12-22,-22.0,-106.0,0.0,,0.0
1929-12-23,-6.0,-67.0,142.0,,203.0
1929-12-24,-28.0,-94.0,13.0,,0.0
1929-12-25,122.0,-144.0,30.0,,0.0
1929-12-26,94.0,-61.0,0.0,,0.0
1929-12-27,117.0,6.0,0.0,,0.0
1929-12-28,94.0,28.0,81.0,,0.0
1929-12-29,44.0,-17.0,23.0,,0.0
1929-12-30,100.0,-22.0,0.0,,0.0
1929-12-31,144.0,-11.0,0.0,,0.0
1930-01-01,200.0,-22.0,8.0,,
1930-01-02,194.0,17.0,89.0,,
1930-01-03,128.0,0.0,0.0,,
1930-01-04,17.0,-33.0,0.0,,0.0
1930-01-05,139.0,-106.0,0.0,,
1930-01-06,167.0,-67.0,0.0,,
1930-01-07,194.0,33.0,0.0,,
1930-01-08,189.0,122.0,10.0,,
1930-01-09,211.0,100.0,20.0,,
1930-01-10,206.0,-17.0,20.0,,
1930-01-11,44.0,-50.0,0.0,,
1930-01-12,156.0,-22.0,23.0,,
1930-01-13,172.0,56.0,8.0,,
1930-01-14,200.0,44.0,0.0,,
1930-01-15,178.0,50.0,0.0,,
1930-01-16,50.0,-56.0,0.0,,0.0
1930-01-17,-6.0,-106.0,0.0,,
1930-01-18,11.0,-111.0,30.0,0.0,0.0
1930-01-19,-56.0,-211.0,0.0,,
1930-01-20,17.0,-194.0,5.0,,0.0
1930-01-21,22.0,-17.0,0.0,,
1930-01-22,28.0,-50.0,25.0,0.0,0.0
1930-01-23,-28.0,-106.0,0.0,,0.0
1930-01-24,0.0,-178.0,0.0,,
1930-01-25,0.0,-89.0,0.0,,
1930-01-26,-6.0,-133.0,0.0,,0.0
1930-01-27,33.0,-39.0,94.0,,
1930-01-28,50.0,6.0,84.0,,
1930-01-29,56.0,-122.0,0.0,,
1930-01-30,11.0,-67.0,0.0,,
1930-01-31,11.0,-106.0,10.0,0.0,0.0
1930-02-01,50.0,-139.0,0.0,,0.0
1930-02-02,89.0,-11.0,10.0,,0.0
1930-02-03,122.0,22.0,0.0,,0.0
1930-02-04,117.0,-33.0,114.0,,0.0
1930-02-05,67.0,-11.0,112.0,,0.0
1930-02-06,39.0,-11.0,0.0,,0.0
1930-02-07,83.0,-33.0,0.0,,0.0
1930-02-08,50.0,-39.0,5.0,,0.0
1930-02-09,144.0,-33.0,0.0,,0.0
1930-02-10,144.0,-22.0,97.0,0.0,0.0
1930-02-11,72.0,-100.0,0.0,,0.0
1930-02-12,183.0,-78.0,0.0,,0.0
1930-02-13,167.0,6.0,43.0,0.0,0.0
1930-02-14,44.0,-39.0,23.0,0.0,0.0
1930-02-15,44.0,-61.0,41.0,0.0,0.0
1930-02-16,-11.0,-72.0,89.0,0.0,127.0
1930-02-17,72.0,-139.0,0.0,,0.0
1930-02-18,156.0,-33.0,0.0,,0.0
1930-02-19,206.0,-39.0,0.0,,0.0
1930-02-20,206.0,-11.0,0.0,,0.0
1930-02-21,206.0,-39.0,0.0,,0.0
1930-02-22,222.0,-33.0,0.0,,0.0
1930-02-23,211.0,6.0,84.0,,0.0
1930-02-24,211.0,56.0,23.0,,0.0
1930-02-25,233.0,111.0,86.0,,0.0
1930-02-26,233.0,89.0,76.0,,0.0
1930-02-27,94.0,6.0,0.0,,0.0
1930-02-28,100.0,-39.0,0.0,,0.0
1930-03-01,194.0,-28.0,0.0,,0.0
1930-03-02,178.0,-50.0,94.0,,25.0
1930-03-03,-22.0,-122.0,0.0,,0.0
1930-03-04,11.0,-78.0,0.0,,0.0
1930-03-05,128.0,-111.0,0.0,,0.0
1930-03-06,161.0,-28.0,0.0,,0.0
1930-03-07,167.0,22.0,140.0,,0.0
1930-03-08,139.0,11.0,86.0,,0.0
1930-03-09,100.0,-22.0,8.0,,0.0
1930-03-10,183.0,-44.0,0.0,,0.0
1930-03-11,183.0,0.0,104.0,,0.0
1930-03-12,89.0,0.0,8.0,,0.0
1930-03-13,211.0,-11.0,0.0,,0.0
1930-03-14,200.0,-11.0,0.0,,0.0
1930-03-15,167.0,-39.0,0.0,,0.0
1930-03-16,211.0,-28.0,0.0,,0.0
1930-03-17,211.0,0.0,0.0,,0.0
1930-03-18,189.0,111.0,137.0,,0.0
1930-03-19,172.0,-11.0,71.0,,0.0
1930-03-20,139.0,-50.0,0.0,,0.0
1930-03-21,139.0,-11.0,5.0,,0.0
1930-03-22,78.0,-100.0,0.0,,0.0
1930-03-23,156.0,-94.0,0.0,,0.0
1930-03-24,211.0,-39.0,0.0,,0.0
1930-03-25,200.0,44.0,53.0,,0.0
1930-03-26,89.0,-39.0,53.0,,51.0
1930-03-27,33.0,-44.0,20.0,,0.0
1930-03-28,83.0,-33.0,0.0,,0.0
1930-03-29,100.0,-39.0,0.0,,0.0
1930-03-30,100.0,-39.0,0.0,,0.0
1930-03-31,100.0,-67.0,0.0,,0.0
1930-04-01,194.0,-39.0,0.0,,0.0
1930-04-02,211.0,6.0,132.0,,0.0
1930-04-03,156.0,0.0,64.0,,0.0
1930-04-04,156.0,-11.0,0.0,,0.0
1930-04-05,239.0,-50.0,0.0,,0.0
1930-04-06,239.0,72.0,23.0,,0.0
1930-04-07,128.0,0.0,64.0,,0.0
1930-04-08,100.0,0.0,56.0,,0.0
1930-04-09,156.0,-67.0,0.0,,0.0
1930-04-10,256.0,-44.0,0.0,,0.0
1930-04-11,306.0,44.0,0.0,,0.0
1930-04-12,306.0,67.0,0.0,,0.0
1930-04-13,294.0,67.0,0.0,,0.0
1930-04-14,267.0,61.0,0.0,,0.0
1930-04-15,250.0,67.0,0.0,,0.0
1930-04-16,233.0,100.0,10.0,,0.0
1930-04-17,283.0,122.0,0.0,,0.0
1930-04-18,267.0,150.0,5.0,,0.0
1930-04-19,239.0,72.0,79.0,,0.0
1930-04-20,211.0,-11.0,0.0,,0.0
1930-04-21,233.0,61.0,28.0,,0.0
1930-04-22,211.0,100.0,0.0,,0.0
1930-04-23,122.0,-28.0,0.0,,0.0
1930-04-24,89.0,-44.0,0.0,,0.0
1930-04-25,117.0,-56.0,0.0,,0.0
1930-04-26,156.0,6.0,0.0,,0.0
1930-04-27,250.0,-28.0,0.0,,0.0
1930-04-28,239.0,100.0,0.0,,0.0
1930-04-29,283.0,89.0,0.0,,0.0
1930-04-30,283.0,89.0,0.0,,0.0
1930-05-01,294.0,111.0,0.0,,0.0
1930-05-02,294.0,100.0,8.0,,0.0
1930-05-03,289.0,22.0,0.0,,0.0
1930-05-04,289.0,17.0,0.0,,0.0
1930-05-05,311.0,33.0,0.0,,0.0
1930-05-06,311.0,100.0,0.0,,0.0
1930-05-07,333.0,111.0,0.0,,0.0
1930-05-08,333.0,128.0,0.0,,0.0
1930-05-09,339.0,100.0,0.0,,0.0
1930-05-10,333.0,100.0,0.0,,0.0
1930-05-11,322.0,100.0,0.0,,0.0
1930-05-12,306.0,156.0,0.0,,0.0
1930-05-13,294.0,78.0,23.0,,0.0
1930-05-14,267.0,117.0,102.0,,0.0
1930-05-15,183.0,100.0,157.0,,0.0
1930-05-16,222.0,83.0,20.0,,0.0
1930-05-17,239.0,111.0,0.0,,0.0
1930-05-18,239.0,139.0,51.0,,0.0
1930-05-19,256.0,167.0,30.0,,0.0
1930-05-20,239.0,128.0,89.0,,0.0
1930-05-21,250.0,89.0,0.0,,0.0
1930-05-22,294.0,72.0,0.0,,0.0
1930-05-23,311.0,83.0,0.0,,0.0
1930-05-24,300.0,117.0,86.0,,0.0
1930-05-25,211.0,28.0,0.0,,0.0
1930-05-26,200.0,0.0,0.0,,0.0
1930-05-27,217.0,44.0,0.0,,0.0
1930-05-28,250.0,83.0,8.0,,0.0
1930-05-29,200.0,72.0,0.0,,0.0
1930-05-30,167.0,17.0,0.0,,0.0
1930-05-31,200.0,-11.0,0.0,,0.0
1930-06-01,267.0,6.0,0.0,,0.0
1930-06-02,311.0,28.0,0.0,,0.0
1930-06-03,333.0,56.0,0.0,,0.0
1930-06-04,322.0,72.0,0.0,,0.0
1930-06-05,333.0,89.0,0.0,,0.0
1930-06-06,311.0,194.0,3.0,,0.0
1930-06-07,294.0,111.0,23.0,,0.0
1930-06-08,239.0,72.0,0.0,,0.0
1930-06-09,211.0,100.0,10.0,,0.0
1930-06-10,200.0,100.0,224.0,,0.0
1930-06-11,278.0,44.0,0.0,,0.0
1930-06-12,294.0,83.0,0.0,,0.0
1930-06-13,317.0,100.0,0.0,,0.0
1930-06-14,322.0,111.0,0.0,,0.0
1930-06-15,333.0,111.0,0.0,,0.0
1930-06-16,322.0,128.0,0.0,,0.0
1930-06-17,306.0,156.0,434.0,,0.0
1930-06-18,267.0,156.0,23.0,,0.0
1930-06-19,267.0,128.0,0.0,,0.0
1930-06-20,278.0,122.0,0.0,,0.0
1930-06-21,289.0,128.0,0.0,,0.0
1930-06-22,322.0,100.0,0.0,,0.0
1930-06-23,333.0,83.0,0.0,,0.0
1930-06-24,356.0,167.0,33.0,,0.0
1930-06-25,317.0,167.0,69.0,,0.0
1930-06-26,333.0,156.0,8.0,,0.0
1930-06-27,311.0,133.0,0.0,,0.0
1930-06-28,278.0,100.0,0.0,,0.0
1930-06-29,333.0,94.0,0.0,,0.0
1930-06-30,361.0,111.0,0.0,,0.0
1930-07-01,350.0,156.0,0.0,,
1930-07-02,333.0,150.0,0.0,,
1930-07-03,256.0,72.0,0.0,,
1930-07-04,306.0,56.0,0.0,,
1930-07-05,339.0,100.0,0.0,,
1930-07-06,333.0,167.0,0.0,,
1930-07-07,322.0,156.0,53.0,,
1930-07-08,322.0,156.0,0.0,,
1930-07-09,339.0,128.0,0.0,,
1930-07-10,339.0,161.0,0.0,,
1930-07-11,350.0,89.0,0.0,,
1930-07-12,350.0,89.0,0.0,,
1930-07-13,322.0,128.0,107.0,,
1930-07-14,294.0,167.0,25.0,,
1930-07-15,267.0,50.0,0.0,,
1930-07-16,317.0,83.0,0.0,,
1930-07-17,328.0,111.0,0.0,,
1930-07-18,361.0,156.0,0.0,,
1930-07-19,372.0,156.0,0.0,,
1930-07-20,389.0,167.0,0.0,,
1930-07-21,389.0,211.0,0.0,,
1930-07-22,367.0,217.0,58.0,,
1930-07-23,322.0,156.0,104.0,,
1930-07-24,339.0,156.0,0.0,,
1930-07-25,367.0,128.0,0.0,,
1930-07-26,383.0,128.0,0.0,,
1930-07-27,328.0,222.0,0.0,,
1930-07-28,389.0,178.0,0.0,,
1930-07-29,383.0,172.0,0.0,,
1930-07-30,350.0,111.0,0.0,,
1930-07-31,333.0,106.0,0.0,,
1930-08-01,344.0,100.0,0.0,,0.0
1930-08-02,356.0,67.0,0.0,,0.0
1930-08-03,383.0,89.0,0.0,,0.0
1930-08-04,394.0,122.0,0.0,,0.0
1930-08-05,394.0,239.0,0.0,,0.0
1930-08-06,350.0,211.0,15.0,,0.0
1930-08-07,344.0,111.0,81.0,,0.0
1930-08-08,339.0,183.0,0.0,,0.0
1930-08-09,372.0,172.0,0.0,,0.0
1930-08-10,350.0,183.0,0.0,,0.0
1930-08-11,283.0,61.0,0.0,,0.0
1930-08-12,278.0,28.0,0.0,,0.0
1930-08-13,328.0,39.0,0.0,,0.0
1930-08-14,317.0,128.0,239.0,,0.0
1930-08-15,294.0,156.0,38.0,,0.0
1930-08-16,300.0,128.0,0.0,,0.0
1930-08-17,306.0,150.0,71.0,,0.0
1930-08-18,211.0,150.0,0.0,,0.0
1930-08-19,267.0,72.0,0.0,,0.0
1930-08-20,306.0,89.0,0.0,,0.0
1930-08-21,294.0,128.0,23.0,,0.0
1930-08-22,233.0,106.0,0.0,,0.0
1930-08-23,200.0,117.0,10.0,,0.0
1930-08-24,267.0,128.0,8.0,,0.0
1930-08-25,294.0,150.0,25.0,,0.0
1930-08-26,294.0,89.0,0.0,,0.0
1930-08-27,272.0,94.0,13.0,,0.0
1930-08-28,322.0,83.0,0.0,,0.0
1930-08-29,300.0,139.0,0.0,,0.0
1930-08-30,339.0,156.0,0.0,,0.0
1930-08-31,328.0,144.0,0.0,,0.0
1930-09-01,361.0,139.0,0.0,,0.0
1930-09-02,350.0,150.0,0.0,,0.0
1930-09-03,344.0,194.0,0.0,,0.0
1930-09-04,306.0,56.0,0.0,,0.0
1930-09-05,322.0,100.0,0.0,,0.0
1930-09-06,322.0,111.0,0.0,,0.0
1930-09-07,306.0,139.0,3.0,,0.0
1930-09-08,267.0,156.0,3.0,,0.0
1930-09-09,306.0,83.0,0.0,,0.0
1930-09-10,306.0,83.0,0.0,,0.0
1930-09-11,328.0,94.0,0.0,,0.0
1930-09-12,328.0,156.0,10.0,,0.0
1930-09-13,294.0,178.0,15.0,,0.0
1930-09-14,317.0,150.0,0.0,,0.0
1930-09-15,339.0,128.0,0.0,,0.0
1930-09-16,333.0,172.0,152.0,,0.0
1930-09-17,261.0,156.0,20.0,,0.0
1930-09-18,261.0,56.0,0.0,,0.0
1930-09-19,306.0,72.0,0.0,,0.0
1930-09-20,306.0,83.0,0.0,,0.0
1930-09-21,278.0,111.0,0.0,,0.0
1930-09-22,322.0,139.0,0.0,,0.0
1930-09-23,344.0,117.0,0.0,,0.0
1930-09-24,344.0,106.0,0.0,,0.0
1930-09-25,311.0,156.0,46.0,,0.0
1930-09-26,328.0,167.0,8.0,,0.0
1930-09-27,311.0,56.0,168.0,,0.0
1930-09-28,222.0,39.0,0.0,,0.0
1930-09-29,233.0,6.0,0.0,,0.0
1930-09-30,211.0,39.0,0.0,,0.0
1930-10-01,200.0,-11.0,0.0,,0.0
1930-10-02,222.0,-44.0,0.0,,0.0
1930-10-03,233.0,17.0,0.0,,0.0
1930-10-04,228.0,6.0,0.0,,0.0
1930-10-05,228.0,-11.0,0.0,,0.0
1930-10-06,272.0,-11.0,0.0,,0.0
1930-10-07,256.0,17.0,0.0,,0.0
1930-10-08,244.0,83.0,0.0,,0.0
1930-10-09,239.0,44.0,15.0,,0.0
1930-10-10,272.0,117.0,0.0,,0.0
1930-10-11,272.0,61.0,0.0,,0.0
1930-10-12,278.0,39.0,0.0,,0.0
1930-10-13,261.0,28.0,0.0,,0.0
1930-10-14,267.0,83.0,0.0,,0.0
1930-10-15,256.0,83.0,0.0,,0.0
1930-10-16,267.0,83.0,0.0,,0.0
1930-10-17,244.0,89.0,51.0,,0.0
1930-10-18,100.0,-11.0,0.0,,0.0
1930-10-19,83.0,-22.0,0.0,,0.0
1930-10-20,89.0,-78.0,0.0,,0.0
1930-10-21,83.0,-78.0,0.0,,0.0
1930-10-22,111.0,-111.0,0.0,,0.0
1930-10-23,111.0,-67.0,38.0,,0.0
1930-10-24,72.0,22.0,33.0,,0.0
1930-10-25,78.0,0.0,0.0,,0.0
1930-10-26,156.0,-89.0,0.0,,0.0
1930-10-27,167.0,-72.0,0.0,,0.0
1930-10-28,172.0,100.0,53.0,,0.0
1930-10-29,172.0,28.0,0.0,,0.0
1930-10-30,128.0,-44.0,0.0,,0.0
1930-10-31,89.0,-6.0,79.0,,0.0
1930-11-01,72.0,6.0,0.0,,0.0
1930-11-02,117.0,-94.0,0.0,,0.0
1930-11-03,111.0,-44.0,0.0,,0.0
1930-11-04,128.0,-17.0,20.0,,0.0
1930-11-05,117.0,44.0,25.0,,0.0
1930-11-06,106.0,-33.0,0.0,,0.0
1930-11-07,61.0,-122.0,0.0,,0.0
1930-11-08,156.0,-111.0,0.0,,0.0
1930-11-09,178.0,-83.0,0.0,,0.0
1930-11-10,172.0,-72.0,0.0,,0.0
1930-11-11,161.0,-17.0,0.0,,0.0
1930-11-12,167.0,6.0,30.0,,0.0
1930-11-13,206.0,83.0,25.0,,0.0
1930-11-14,206.0,67.0,0.0,,0.0
1930-11-15,194.0,17.0,0.0,,0.0
1930-11-16,217.0,39.0,0.0,,0.0
1930-11-17,206.0,67.0,102.0,,0.0
1930-11-18,211.0,44.0,3.0,,0.0
1930-11-19,222.0,-11.0,0.0,,0.0
1930-11-20,222.0,-11.0,0.0,,0.0
1930-11-21,256.0,6.0,0.0,,0.0
1930-11-22,244.0,72.0,0.0,,0.0
1930-11-23,122.0,-44.0,0.0,,0.0
1930-11-24,117.0,-67.0,0.0,,0.0
1930-11-25,94.0,-44.0,81.0,0.0,25.0
1930-11-26,-6.0,-56.0,33.0,0.0,76.0
1930-11-27,-39.0,-139.0,25.0,,0.0
1930-11-28,-56.0,-133.0,0.0,,0.0
1930-11-29,106.0,-194.0,0.0,,0.0
1930-11-30,122.0,-50.0,30.0,,0.0
1930-12-01,117.0,-6.0,25.0,,
1930-12-02,-6.0,-150.0,0.0,,
1930-12-03,117.0,-94.0,0.0,,
1930-12-04,128.0,-50.0,0.0,,
1930-12-05,111.0,-61.0,0.0,,
1930-12-06,100.0,39.0,185.0,,
1930-12-07,89.0,33.0,18.0,,
1930-12-08,33.0,-11.0,8.0,,
1930-12-09,89.0,-11.0,0.0,,
1930-12-10,117.0,33.0,38.0,,
1930-12-11,72.0,0.0,0.0,,
1930-12-12,117.0,-44.0,0.0,,
1930-12-13,94.0,6.0,0.0,,
1930-12-14,44.0,-28.0,0.0,,0.0
1930-12-15,0.0,-39.0,0.0,,0.0
1930-12-16,-22.0,-122.0,20.0,,3.0
1930-12-17,6.0,-61.0,0.0,,
1930-12-18,0.0,-144.0,0.0,,
1930-12-19,33.0,-89.0,46.0,,3.0
1930-12-20,11.0,-67.0,15.0,,
1930-12-21,6.0,-94.0,0.0,,
1930-12-22,22.0,-94.0,0.0,,
1930-12-23,-11.0,-83.0,15.0,,3.0
1930-12-24,-22.0,-72.0,18.0,,5.0
1930-12-25,33.0,-194.0,0.0,,
1930-12-26,44.0,-39.0,165.0,,
1930-12-27,50.0,-22.0,117.0,,5.0
1930-12-28,-6.0,-39.0,0.0,,0.0
1930-12-29,0.0,-39.0,0.0,,
1930-12-30,-6.0,-56.0,36.0,,8.0
1930-12-31,11.0,-161.0,,,8.0
1931-01-01,11.0,-94.0,0.0,,0.0
1931-01-02,72.0,-189.0,0.0,,0.0
1931-01-03,67.0,-117.0,0.0,,0.0
1931-01-04,100.0,-39.0,0.0,,0.0
1931-01-05,144.0,-6.0,53.0,,0.0
1931-01-06,117.0,-11.0,168.0,,25.0
1931-01-07,6.0,-39.0,0.0,,0.0
1931-01-08,50.0,-106.0,0.0,,0.0
1931-01-09,28.0,-94.0,0.0,,0.0
1931-01-10,39.0,-28.0,0.0,,0.0
1931-01-11,39.0,-83.0,0.0,,0.0
1931-01-12,28.0,0.0,38.0,,0.0
1931-01-13,28.0,-44.0,3.0,,0.0
1931-01-14,0.0,-56.0,0.0,,0.0
1931-01-15,-28.0,-94.0,0.0,,0.0
1931-01-16,6.0,-150.0,0.0,,0.0
1931-01-17,78.0,0.0,0.0,,0.0
1931-01-18,100.0,-11.0,0.0,,0.0
1931-01-19,100.0,28.0,41.0,,0.0
1931-01-20,89.0,-11.0,0.0,,0.0
1931-01-21,17.0,-94.0,33.0,,25.0
1931-01-22,0.0,-167.0,0.0,,0.0
1931-01-23,44.0,-122.0,0.0,,0.0
1931-01-24,133.0,-67.0,0.0,,0.0
1931-01-25,156.0,-28.0,0.0,,0.0
1931-01-26,156.0,17.0,0.0,,0.0
1931-01-27,128.0,28.0,30.0,,0.0
1931-01-28,106.0,17.0,0.0,,0.0
1931-01-29,44.0,6.0,0.0,,0.0
1931-01-30,128.0,17.0,0.0,,0.0
1931-01-31,128.0,-17.0,0.0,,0.0
1931-02-01,44.0,-39.0,0.0,,0.0
1931-02-02,56.0,-78.0,0.0,,0.0
1931-02-03,111.0,-94.0,0.0,,0.0
1931-02-04,111.0,-39.0,0.0,,0.0
1931-02-05,111.0,-111.0,0.0,,0.0
1931-02-06,117.0,-89.0,0.0,,0.0
1931-02-07,133.0,-33.0,25.0,,0.0
1931-02-08,106.0,28.0,69.0,,0.0
1931-02-09,83.0,0.0,206.0,,0.0
1931-02-10,0.0,-94.0,0.0,,0.0
1931-02-11,17.0,-117.0,0.0,,0.0
1931-02-12,100.0,-56.0,0.0,,0.0
1931-02-13,94.0,-22.0,41.0,,0.0
1931-02-14,72.0,-78.0,114.0,,0.0
1931-02-15,33.0,-83.0,0.0,,0.0
1931-02-16,94.0,-78.0,0.0,,0.0
1931-02-17,94.0,6.0,104.0,,0.0
1931-02-18,100.0,50.0,64.0,,0.0
1931-02-19,72.0,39.0,8.0,,0.0
1931-02-20,67.0,-11.0,5.0,,0.0
1931-02-21,72.0,-11.0,0.0,,0.0
1931-02-22,61.0,-17.0,0.0,,0.0
1931-02-23,67.0,0.0,0.0,,0.0
1931-02-24,61.0,0.0,0.0,,0.0
1931-02-25,106.0,-78.0,0.0,,0.0
1931-02-26,94.0,-72.0,0.0,,0.0
1931-02-27,94.0,-94.0,0.0,,0.0
1931-02-28,183.0,-67.0,0.0,,0.0
1931-03-01,144.0,6.0,183.0,,0.0
1931-03-02,22.0,-33.0,0.0,,0.0
1931-03-03,39.0,-78.0,0.0,,0.0
1931-03-04,44.0,-28.0,0.0,,0.0
1931-03-05,39.0,-67.0,0.0,,0.0
1931-03-06,56.0,-39.0,28.0,,0.0
1931-03-07,117.0,-11.0,28.0,,0.0
1931-03-08,100.0,-22.0,208.0,,0.0
1931-03-09,11.0,-39.0,56.0,,76.0
1931-03-10,0.0,-61.0,13.0,,25.0
1931-03-11,-11.0,-67.0,8.0,,25.0
1931-03-12,17.0,-56.0,0.0,,0.0
1931-03-13,72.0,-106.0,0.0,,0.0
1931-03-14,128.0,6.0,0.0,,0.0
1931-03-15,100.0,6.0,0.0,,0.0
1931-03-16,44.0,-11.0,0.0,,0.0
1931-03-17,28.0,-33.0,0.0,,0.0
1931-03-18,111.0,-22.0,0.0,,0.0
1931-03-19,89.0,17.0,71.0,,0.0
1931-03-20,61.0,0.0,10.0,,0.0
1931-03-21,133.0,-56.0,0.0,,0.0
1931-03-22,139.0,17.0,15.0,,0.0
1931-03-23,111.0,11.0,3.0,,0.0
1931-03-24,111.0,-28.0,10.0,,0.0
1931-03-25,122.0,28.0,114.0,,0.0
1931-03-26,100.0,17.0,25.0,,0.0
1931-03-27,150.0,-17.0,0.0,,0.0
1931-03-28,156.0,72.0,20.0,,0.0
1931-03-29,111.0,-11.0,13.0,,0.0
1931-03-30,17.0,-11.0,10.0,,0.0
1931-03-31,100.0,0.0,0.0,,0.0
1931-04-01,100.0,0.0,173.0,,0.0
1931-04-02,78.0,0.0,30.0,,0.0
1931-04-03,206.0,-17.0,25.0,,0.0
1931-04-04,200.0,44.0,79.0,,0.0
1931-04-05,117.0,-11.0,0.0,,0.0
1931-04-06,100.0,11.0,69.0,,0.0
1931-04-07,106.0,0.0,41.0,,0.0
1931-04-08,211.0,17.0,0.0,,0.0
1931-04-09,261.0,17.0,0.0,,0.0
1931-04-10,261.0,17.0,0.0,,0.0
1931-04-11,194.0,50.0,117.0,,0.0
1931-04-12,183.0,-17.0,0.0,,0.0
1931-04-13,256.0,-11.0,0.0,,0.0
1931-04-14,272.0,39.0,0.0,,0.0
1931-04-15,272.0,39.0,0.0,,0.0
1931-04-16,261.0,0.0,0.0,,0.0
1931-04-17,256.0,17.0,0.0,,0.0
1931-04-18,256.0,11.0,23.0,,0.0
1931-04-19,278.0,22.0,0.0,,0.0
1931-04-20,267.0,44.0,0.0,,0.0
1931-04-21,261.0,61.0,0.0,,0.0
1931-04-22,239.0,-11.0,145.0,,0.0
1931-04-23,61.0,0.0,53.0,,0.0
1931-04-24,128.0,-17.0,0.0,,0.0
1931-04-25,150.0,56.0,0.0,,0.0
1931-04-26,156.0,72.0,142.0,,0.0
1931-04-27,89.0,-17.0,0.0,,0.0
1931-04-28,128.0,-22.0,0.0,,0.0
1931-04-29,156.0,89.0,0.0,,0.0
1931-04-30,172.0,-39.0,0.0,,0.0
1931-05-01,189.0,17.0,0.0,,0.0
1931-05-02,228.0,56.0,0.0,,0.0
1931-05-03,239.0,28.0,127.0,,0.0
1931-05-04,250.0,-11.0,0.0,,0.0
1931-05-05,272.0,33.0,0.0,,0.0
1931-05-06,283.0,83.0,0.0,,0.0
1931-05-07,289.0,106.0,0.0,,0.0
1931-05-08,233.0,61.0,152.0,,0.0
1931-05-09,256.0,72.0,0.0,,0.0
1931-05-10,228.0,72.0,25.0,,0.0
1931-05-11,211.0,72.0,20.0,,0.0
1931-05-12,211.0,72.0,46.0,,0.0
1931-05-13,183.0,72.0,25.0,,0.0
1931-05-14,183.0,72.0,132.0,,0.0
1931-05-15,239.0,17.0,0.0,,0.0
1931-05-16,267.0,56.0,0.0,,0.0
1931-05-17,267.0,106.0,66.0,,0.0
1931-05-18,317.0,100.0,5.0,,0.0
1931-05-19,300.0,150.0,0.0,,0.0
1931-05-20,267.0,139.0,381.0,,0.0
1931-05-21,239.0,106.0,0.0,,0.0
1931-05-22,211.0,33.0,117.0,,0.0
1931-05-23,106.0,44.0,23.0,,0.0
1931-05-24,167.0,-11.0,0.0,,0.0
1931-05-25,200.0,78.0,178.0,,0.0
1931-05-26,222.0,111.0,0.0,,0.0
1931-05-27,289.0,44.0,0.0,,0.0
1931-05-28,311.0,83.0,0.0,,0.0
1931-05-29,311.0,100.0,0.0,,0.0
1931-05-30,306.0,128.0,0.0,,0.0
1931-05-31,278.0,144.0,127.0,,0.0
1931-06-01,217.0,94.0,20.0,,0.0
1931-06-02,228.0,78.0,0.0,,0.0
1931-06-03,272.0,61.0,0.0,,0.0
1931-06-04,294.0,100.0,0.0,,0.0
1931-06-05,272.0,144.0,208.0,,0.0
1931-06-06,283.0,111.0,89.0,,0.0
1931-06-07,267.0,156.0,30.0,,0.0
1931-06-08,228.0,100.0,5.0,,0.0
1931-06-09,189.0,72.0,15.0,,0.0
1931-06-10,233.0,33.0,0.0,,0.0
1931-06-11,267.0,56.0,0.0,,0.0
1931-06-12,300.0,94.0,0.0,,0.0
1931-06-13,322.0,117.0,0.0,,0.0
1931-06-14,322.0,111.0,0.0,,0.0
1931-06-15,322.0,150.0,114.0,,0.0
1931-06-16,267.0,139.0,0.0,,0.0
1931-06-17,256.0,67.0,0.0,,0.0
1931-06-18,300.0,89.0,0.0,,0.0
1931-06-19,333.0,89.0,0.0,,0.0
1931-06-20,361.0,122.0,0.0,,0.0
1931-06-21,350.0,178.0,71.0,,0.0
1931-06-22,333.0,167.0,0.0,,0.0
1931-06-23,333.0,183.0,114.0,,0.0
1931-06-24,333.0,183.0,71.0,,0.0
1931-06-25,322.0,144.0,0.0,,0.0
1931-06-26,333.0,139.0,0.0,,0.0
1931-06-27,317.0,156.0,145.0,,0.0
1931-06-28,333.0,178.0,0.0,,0.0
1931-06-29,333.0,178.0,0.0,,0.0
1931-06-30,350.0,183.0,0.0,,0.0
1931-07-01,361.0,183.0,0.0,,0.0
1931-07-02,367.0,211.0,0.0,,0.0
1931-07-03,350.0,183.0,41.0,,0.0
1931-07-04,339.0,194.0,0.0,,0.0
1931-07-05,333.0,183.0,0.0,,0.0
1931-07-06,333.0,211.0,53.0,,0.0
1931-07-07,322.0,133.0,0.0,,0.0
1931-07-08,339.0,156.0,0.0,,0.0
1931-07-09,322.0,156.0,0.0,,0.0
1931-07-10,272.0,167.0,180.0,,0.0
1931-07-11,278.0,100.0,5.0,,0.0
1931-07-12,300.0,100.0,0.0,,0.0
1931-07-13,333.0,111.0,0.0,,0.0
1931-07-14,339.0,156.0,0.0,,0.0
1931-07-15,333.0,167.0,152.0,,0.0
1931-07-16,356.0,167.0,0.0,,0.0
1931-07-17,350.0,172.0,122.0,,0.0
1931-07-18,333.0,189.0,0.0,,0.0
1931-07-19,344.0,172.0,0.0,,0.0
1931-07-20,339.0,183.0,0.0,,0.0
1931-07-21,333.0,183.0,224.0,,0.0
1931-07-22,300.0,156.0,76.0,,0.0
1931-07-23,300.0,139.0,152.0,,0.0
1931-07-24,300.0,139.0,23.0,,0.0
1931-07-25,294.0,128.0,0.0,,0.0
1931-07-26,311.0,100.0,0.0,,0.0
1931-07-27,333.0,128.0,0.0,,0.0
1931-07-28,344.0,156.0,0.0,,0.0
1931-07-29,339.0,150.0,0.0,,0.0
1931-07-30,356.0,189.0,0.0,,0.0
1931-07-31,350.0,183.0,0.0,,0.0
1931-08-01,339.0,183.0,5.0,,0.0
1931-08-02,350.0,167.0,76.0,,0.0
1931-08-03,333.0,167.0,0.0,,0.0
1931-08-04,328.0,161.0,76.0,,0.0
1931-08-05,306.0,172.0,5.0,,0.0
1931-08-06,339.0,161.0,0.0,,0.0
1931-08-07,333.0,139.0,0.0,,0.0
1931-08-08,344.0,156.0,0.0,,0.0
1931-08-09,333.0,183.0,0.0,,0.0
1931-08-10,322.0,156.0,89.0,,0.0
1931-08-11,250.0,128.0,0.0,,0.0
1931-08-12,294.0,111.0,10.0,,0.0
1931-08-13,250.0,111.0,15.0,,0.0
1931-08-14,294.0,111.0,0.0,,0.0
1931-08-15,317.0,128.0,0.0,,0.0
1931-08-16,317.0,133.0,0.0,,0.0
1931-08-17,317.0,128.0,0.0,,0.0
1931-08-18,317.0,144.0,0.0,,0.0
1931-08-19,317.0,178.0,345.0,,0.0
1931-08-20,317.0,172.0,160.0,,0.0
1931-08-21,211.0,122.0,279.0,,0.0
1931-08-22,189.0,139.0,51.0,,0.0
1931-08-23,211.0,122.0,5.0,,0.0
1931-08-24,267.0,83.0,0.0,,0.0
1931-08-25,267.0,117.0,30.0,,0.0
1931-08-26,267.0,128.0,30.0,,0.0
1931-08-27,267.0,128.0,170.0,,0.0
1931-08-28,272.0,122.0,74.0,,0.0
1931-08-29,267.0,167.0,91.0,,0.0
1931-08-30,244.0,67.0,0.0,,0.0
1931-08-31,267.0,128.0,0.0,,0.0
1931-09-01,294.0,72.0,0.0,,0.0
1931-09-02,283.0,172.0,36.0,,0.0
1931-09-03,244.0,150.0,61.0,,0.0
1931-09-04,244.0,111.0,0.0,,0.0
1931-09-05,267.0,139.0,8.0,,0.0
1931-09-06,294.0,139.0,0.0,,0.0
1931-09-07,272.0,83.0,0.0,,0.0
1931-09-08,267.0,83.0,0.0,,0.0
1931-09-09,300.0,94.0,0.0,,0.0
1931-09-10,328.0,139.0,0.0,,0.0
1931-09-11,344.0,156.0,0.0,,0.0
1931-09-12,339.0,144.0,0.0,,0.0
1931-09-13,344.0,144.0,0.0,,0.0
1931-09-14,322.0,156.0,0.0,,0.0
1931-09-15,306.0,167.0,147.0,,0.0
1931-09-16,272.0,189.0,25.0,,0.0
1931-09-17,322.0,167.0,0.0,,0.0
1931-09-18,311.0,156.0,76.0,,0.0
1931-09-19,283.0,156.0,0.0,,0.0
1931-09-20,283.0,167.0,0.0,,0.0
1931-09-21,339.0,161.0,0.0,,0.0
1931-09-22,328.0,167.0,0.0,,0.0
1931-09-23,322.0,183.0,15.0,,0.0
1931-09-24,244.0,167.0,0.0,,0.0
1931-09-25,256.0,72.0,0.0,,0.0
1931-09-26,244.0,167.0,368.0,,0.0
1931-09-27,194.0,111.0,18.0,,0.0
1931-09-28,172.0,94.0,30.0,,0.0
1931-09-29,183.0,39.0,0.0,,0.0
1931-09-30,211.0,22.0,0.0,,0.0
1931-10-01,272.0,72.0,0.0,,0.0
1931-10-02,250.0,94.0,0.0,,0.0
1931-10-03,267.0,50.0,0.0,,0.0
1931-10-04,267.0,72.0,0.0,,0.0
1931-10-05,267.0,89.0,38.0,,0.0
1931-10-06,267.0,111.0,0.0,,0.0
1931-10-07,272.0,128.0,0.0,,0.0
1931-10-08,256.0,139.0,13.0,,0.0
1931-10-09,194.0,83.0,0.0,,0.0
1931-10-10,211.0,33.0,0.0,,0.0
1931-10-11,206.0,44.0,0.0,,0.0
1931-10-12,206.0,44.0,0.0,,0.0
1931-10-13,206.0,11.0,0.0,,0.0
1931-10-14,206.0,117.0,155.0,,0.0
1931-10-15,194.0,89.0,38.0,,0.0
1931-10-16,194.0,94.0,25.0,,0.0
1931-10-17,161.0,44.0,74.0,,0.0
1931-10-18,117.0,-28.0,0.0,,0.0
1931-10-19,172.0,-39.0,0.0,,0.0
1931-10-20,211.0,-17.0,0.0,,0.0
1931-10-21,228.0,28.0,0.0,,0.0
1931-10-22,228.0,0.0,0.0,,0.0
1931-10-23,250.0,44.0,0.0,,0.0
1931-10-24,250.0,44.0,74.0,,0.0
1931-10-25,194.0,150.0,0.0,,0.0
1931-10-26,172.0,-17.0,0.0,,0.0
1931-10-27,239.0,0.0,0.0,,0.0
1931-10-28,239.0,67.0,33.0,,0.0
1931-10-29,172.0,72.0,30.0,,0.0
1931-10-30,156.0,33.0,0.0,,0.0
1931-10-31,172.0,33.0,0.0,,0.0
1931-11-01,111.0,44.0,36.0,,0.0
1931-11-02,78.0,0.0,18.0,,0.0
1931-11-03,156.0,-17.0,0.0,,0.0
1931-11-04,150.0,-11.0,0.0,,0.0
1931-11-05,150.0,-56.0,0.0,,0.0
1931-11-06,111.0,-22.0,0.0,,0.0
1931-11-07,83.0,-72.0,0.0,,0.0
1931-11-08,172.0,0.0,38.0,,0.0
1931-11-09,256.0,-6.0,0.0,,0.0
1931-11-10,211.0,-6.0,0.0,,0.0
1931-11-11,194.0,22.0,8.0,,0.0
1931-11-12,239.0,44.0,0.0,,0.0
1931-11-13,239.0,100.0,102.0,,0.0
1931-11-14,222.0,72.0,5.0,,0.0
1931-11-15,228.0,44.0,0.0,,0.0
1931-11-16,217.0,83.0,0.0,,0.0
1931-11-17,222.0,33.0,0.0,,0.0
1931-11-18,239.0,133.0,13.0,,0.0
1931-11-19,222.0,67.0,0.0,,0.0
1931-11-20,222.0,94.0,0.0,,0.0
1931-11-21,217.0,178.0,0.0,,0.0
1931-11-22,239.0,72.0,0.0,,0.0
1931-11-23,222.0,28.0,0.0,,0.0
1931-11-24,211.0,33.0,0.0,,0.0
1931-11-25,194.0,28.0,5.0,,0.0
1931-11-26,28.0,-83.0,0.0,,0.0
1931-11-27,44.0,-11.0,97.0,,0.0
1931-11-28,67.0,17.0,0.0,,0.0
1931-11-29,89.0,33.0,8.0,,0.0
1931-11-30,144.0,72.0,140.0,,0.0
1931-12-01,89.0,28.0,0.0,,0.0
1931-12-02,61.0,-78.0,0.0,,0.0
1931-12-03,78.0,-94.0,0.0,,0.0
1931-12-04,78.0,44.0,69.0,,0.0
1931-12-05,72.0,17.0,0.0,,0.0
1931-12-06,72.0,-56.0,0.0,,0.0
1931-12-07,89.0,-17.0,0.0,,0.0
1931-12-08,22.0,-106.0,279.0,,0.0
1931-12-09,100.0,-6.0,0.0,,0.0
1931-12-10,89.0,33.0,28.0,,0.0
1931-12-11,200.0,11.0,84.0,,0.0
1931-12-12,194.0,106.0,28.0,,0.0
1931-12-13,172.0,100.0,145.0,,0.0
1931-12-14,161.0,44.0,76.0,,0.0
1931-12-15,56.0,-33.0,0.0,,0.0
1931-12-16,78.0,-72.0,0.0,,0.0
1931-12-17,117.0,-78.0,0.0,,0.0
1931-12-18,117.0,-67.0,0.0,,0.0
1931-12-19,111.0,-11.0,20.0,,0.0
1931-12-20,111.0,78.0,0.0,,0.0
1931-12-21,122.0,-17.0,3.0,,0.0
1931-12-22,150.0,72.0,132.0,,0.0
1931-12-23,133.0,0.0,0.0,,0.0
1931-12-24,161.0,89.0,94.0,,0.0
1931-12-25,161.0,0.0,30.0,,0.0
1931-12-26,50.0,-67.0,0.0,,0.0
1931-12-27,100.0,-94.0,0.0,,0.0
1931-12-28,78.0,-17.0,41.0,,0.0
1931-12-29,56.0,22.0,0.0,,0.0
1931-12-30,56.0,-33.0,0.0,,0.0
1931-12-31,89.0,17.0,25.0,,0.0
1932-01-01,128.0,6.0,203.0,,0.0
1932-01-02,106.0,0.0,76.0,,0.0
1932-01-03,61.0,-11.0,15.0,,0.0
1932-01-04,56.0,-11.0,0.0,,0.0
1932-01-05,128.0,-33.0,0.0,,0.0
1932-01-06,183.0,56.0,234.0,,0.0
1932-01-07,189.0,0.0,30.0,,0.0
1932-01-08,72.0,-17.0,18.0,,0.0
1932-01-09,72.0,-11.0,8.0,,0.0
1932-01-10,61.0,-61.0,0.0,,0.0
1932-01-11,83.0,-89.0,0.0,,0.0
1932-01-12,172.0,-56.0,0.0,,0.0
1932-01-13,222.0,94.0,0.0,,0.0
1932-01-14,222.0,0.0,0.0,,0.0
1932-01-15,222.0,56.0,109.0,,0.0
1932-01-16,183.0,17.0,0.0,,0.0
1932-01-17,211.0,17.0,0.0,,0.0
1932-01-18,211.0,28.0,18.0,,0.0
1932-01-19,83.0,-44.0,0.0,,0.0
1932-01-20,128.0,-44.0,0.0,,0.0
1932-01-21,200.0,17.0,0.0,,0.0
1932-01-22,194.0,44.0,15.0,,0.0
1932-01-23,167.0,83.0,157.0,,0.0
1932-01-24,172.0,22.0,86.0,,0.0
1932-01-25,61.0,-39.0,0.0,,0.0
1932-01-26,111.0,-56.0,0.0,,0.0
1932-01-27,117.0,17.0,76.0,,0.0
1932-01-28,111.0,-50.0,0.0,,0.0
1932-01-29,178.0,6.0,178.0,,0.0
1932-01-30,178.0,-22.0,305.0,,0.0
1932-01-31,6.0,-89.0,0.0,,0.0
1932-02-01,17.0,-122.0,0.0,,
1932-02-02,89.0,-56.0,41.0,,
1932-02-03,128.0,28.0,122.0,,
1932-02-04,156.0,44.0,320.0,,
1932-02-05,67.0,-39.0,0.0,,0.0
1932-02-06,89.0,-56.0,0.0,,
1932-02-07,111.0,-67.0,0.0,,
1932-02-08,144.0,22.0,0.0,,
1932-02-09,161.0,-33.0,0.0,,
1932-02-10,206.0,83.0,0.0,,
1932-02-11,250.0,111.0,0.0,,
1932-02-12,250.0,44.0,86.0,,
1932-02-13,128.0,-50.0,0.0,,
1932-02-14,44.0,-67.0,0.0,,
1932-02-15,67.0,-28.0,0.0,,
1932-02-16,144.0,-67.0,0.0,,
1932-02-17,156.0,44.0,94.0,,
1932-02-18,156.0,-44.0,0.0,,
1932-02-19,89.0,-56.0,0.0,,
1932-02-20,89.0,-94.0,0.0,,
1932-02-21,100.0,-67.0,0.0,,
1932-02-22,128.0,6.0,38.0,,
1932-02-23,72.0,-83.0,0.0,,
1932-02-24,72.0,-106.0,0.0,,
1932-02-25,183.0,-56.0,0.0,,
1932-02-26,200.0,-22.0,0.0,,
1932-02-27,189.0,-22.0,8.0,,
1932-02-28,128.0,6.0,46.0,,
1932-02-29,128.0,0.0,0.0,,
1932-03-01,139.0,-50.0,0.0,,0.0
1932-03-02,111.0,-67.0,0.0,,0.0
1932-03-03,183.0,28.0,142.0,,0.0
1932-03-04,183.0,-11.0,0.0,,0.0
1932-03-05,183.0,17.0,8.0,,0.0
1932-03-06,128.0,-89.0,119.0,,51.0
1932-03-07,-83.0,-167.0,0.0,,0.0
1932-03-08,,-161.0,8.0,,0.0
1932-03-09,0.0,-161.0,0.0,,0.0
1932-03-10,-22.0,-144.0,0.0,,0.0
1932-03-11,17.0,-139.0,0.0,,0.0
1932-03-12,17.0,-122.0,0.0,,0.0
1932-03-13,11.0,-106.0,8.0,,25.0
1932-03-14,-22.0,-111.0,0.0,,0.0
1932-03-15,-11.0,-128.0,0.0,,0.0
1932-03-16,128.0,-106.0,0.0,,0.0
1932-03-17,128.0,61.0,292.0,,0.0
1932-03-18,72.0,-44.0,0.0,,0.0
1932-03-19,156.0,-56.0,0.0,,0.0
1932-03-20,128.0,-22.0,0.0,,0.0
1932-03-21,233.0,0.0,23.0,,0.0
1932-03-22,222.0,0.0,114.0,,0.0
1932-03-23,122.0,-44.0,0.0,,0.0
1932-03-24,122.0,-44.0,0.0,,0.0
1932-03-25,194.0,-39.0,0.0,,0.0
1932-03-26,194.0,17.0,76.0,,0.0
1932-03-27,128.0,44.0,140.0,,0.0
1932-03-28,72.0,-11.0,191.0,,0.0
1932-03-29,156.0,0.0,5.0,,0.0
1932-03-30,211.0,-22.0,0.0,,0.0
1932-03-31,200.0,17.0,183.0,,0.0
1932-04-01,100.0,-11.0,13.0,,0.0
1932-04-02,261.0,0.0,0.0,,0.0
1932-04-03,267.0,139.0,0.0,,0.0
1932-04-04,183.0,-33.0,0.0,,0.0
1932-04-05,250.0,44.0,0.0,,0.0
1932-04-06,261.0,-22.0,0.0,,0.0
1932-04-07,261.0,100.0,0.0,,0.0
1932-04-08,261.0,100.0,0.0,,0.0
1932-04-09,200.0,72.0,69.0,,0.0
1932-04-10,183.0,44.0,0.0,,0.0
1932-04-11,183.0,44.0,94.0,,0.0
1932-04-12,128.0,-11.0,56.0,,0.0
1932-04-13,56.0,-33.0,0.0,,0.0
1932-04-14,72.0,-56.0,0.0,,0.0
1932-04-15,,,0.0,,0.0
1932-04-16,178.0,-17.0,0.0,,0.0
1932-04-17,172.0,-50.0,0.0,,0.0
1932-04-18,156.0,-44.0,0.0,,0.0
1932-04-19,189.0,-33.0,0.0,,0.0
1932-04-20,250.0,0.0,0.0,,0.0
1932-04-21,256.0,50.0,0.0,,0.0
1932-04-22,261.0,44.0,0.0,,0.0
1932-04-23,267.0,28.0,0.0,,0.0
1932-04-24,244.0,72.0,25.0,,0.0
1932-04-25,211.0,72.0,102.0,,0.0
1932-04-26,211.0,128.0,112.0,,0.0
1932-04-27,133.0,6.0,30.0,,0.0
1932-04-28,189.0,-22.0,0.0,,0.0
1932-04-29,267.0,6.0,0.0,,0.0
1932-04-30,267.0,117.0,25.0,,0.0
1932-05-01,217.0,122.0,97.0,,0.0
1932-05-02,211.0,56.0,0.0,,0.0
1932-05-03,211.0,22.0,0.0,,0.0
1932-05-04,250.0,106.0,0.0,,0.0
1932-05-05,294.0,106.0,0.0,,0.0
1932-05-06,294.0,100.0,0.0,,0.0
1932-05-07,306.0,94.0,0.0,,0.0
1932-05-08,328.0,133.0,0.0,,0.0
1932-05-09,289.0,122.0,28.0,,0.0
1932-05-10,300.0,117.0,102.0,,0.0
1932-05-11,217.0,100.0,0.0,,0.0
1932-05-12,211.0,106.0,183.0,,0.0
1932-05-13,178.0,100.0,30.0,,0.0
1932-05-14,217.0,61.0,33.0,,0.0
1932-05-15,289.0,83.0,0.0,,0.0
1932-05-16,311.0,100.0,0.0,,0.0
1932-05-17,306.0,133.0,0.0,,0.0
1932-05-18,194.0,28.0,0.0,,0.0
1932-05-19,250.0,39.0,0.0,,0.0
1932-05-20,278.0,56.0,0.0,,0.0
1932-05-21,294.0,100.0,0.0,,0.0
1932-05-22,278.0,133.0,0.0,,0.0
1932-05-23,267.0,39.0,0.0,,0.0
1932-05-24,294.0,33.0,0.0,,0.0
1932-05-25,311.0,106.0,0.0,,0.0
1932-05-26,311.0,122.0,0.0,,0.0
1932-05-27,311.0,150.0,0.0,,0.0
1932-05-28,272.0,106.0,13.0,,0.0
1932-05-29,183.0,33.0,0.0,,0.0
1932-05-30,211.0,6.0,0.0,,0.0
1932-05-31,278.0,39.0,0.0,,0.0
1932-06-01,306.0,78.0,0.0,,
1932-06-02,317.0,122.0,0.0,,
1932-06-03,322.0,128.0,0.0,,
1932-06-04,322.0,133.0,0.0,,
1932-06-05,328.0,144.0,0.0,,
1932-06-06,333.0,144.0,0.0,,
1932-06-07,289.0,150.0,30.0,,
1932-06-08,267.0,44.0,0.0,,
1932-06-09,267.0,33.0,0.0,,
1932-06-10,256.0,72.0,0.0,,
1932-06-11,239.0,89.0,0.0,,
1932-06-12,228.0,150.0,102.0,,
1932-06-13,250.0,167.0,71.0,,
1932-06-14,294.0,144.0,5.0,,
1932-06-15,300.0,144.0,13.0,,
1932-06-16,261.0,156.0,38.0,,
1932-06-17,294.0,139.0,5.0,,
1932-06-18,322.0,139.0,0.0,,
1932-06-19,322.0,167.0,0.0,,
1932-06-20,333.0,167.0,0.0,,
1932-06-21,322.0,161.0,0.0,,
1932-06-22,300.0,178.0,0.0,,
1932-06-23,317.0,156.0,0.0,,
1932-06-24,278.0,56.0,0.0,,
1932-06-25,322.0,139.0,0.0,,
1932-06-26,328.0,156.0,64.0,,
1932-06-27,294.0,183.0,254.0,,
1932-06-28,306.0,211.0,335.0,,
1932-06-29,294.0,139.0,0.0,,
1932-06-30,317.0,156.0,0.0,,
1932-07-01,311.0,183.0,0.0,,
1932-07-02,306.0,,102.0,,
1932-07-03,256.0,89.0,0.0,,
1932-07-04,256.0,156.0,508.0,,
1932-07-05,283.0,172.0,13.0,,
1932-07-06,283.0,200.0,91.0,,
1932-07-07,306.0,183.0,13.0,,
1932-07-08,272.0,189.0,81.0,,
1932-07-09,278.0,156.0,0.0,,
1932-07-10,306.0,128.0,0.0,,
1932-07-11,311.0,189.0,0.0,,
1932-07-12,294.0,100.0,0.0,,
1932-07-13,328.0,183.0,0.0,,
1932-07-14,333.0,183.0,0.0,,
1932-07-15,350.0,183.0,0.0,,
1932-07-16,333.0,200.0,119.0,,
1932-07-17,306.0,217.0,25.0,,
1932-07-18,317.0,144.0,0.0,,
1932-07-19,328.0,133.0,0.0,,
1932-07-20,339.0,183.0,0.0,,
1932-07-21,339.0,217.0,0.0,,
1932-07-22,339.0,206.0,0.0,,
1932-07-23,317.0,172.0,0.0,,
1932-07-24,306.0,94.0,0.0,,
1932-07-25,306.0,83.0,0.0,,
1932-07-26,328.0,128.0,0.0,,
1932-07-27,306.0,167.0,610.0,,
1932-07-28,311.0,189.0,0.0,,
1932-07-29,306.0,128.0,94.0,,
1932-07-30,267.0,100.0,0.0,,
1932-07-31,278.0,133.0,0.0,,
1932-08-01,317.0,122.0,0.0,,
1932-08-02,294.0,178.0,36.0,,
1932-08-03,283.0,178.0,160.0,,
1932-08-04,306.0,156.0,0.0,,
1932-08-05,322.0,139.0,0.0,,
1932-08-06,322.0,172.0,0.0,,
1932-08-07,322.0,156.0,0.0,,
1932-08-08,300.0,167.0,0.0,,
1932-08-09,300.0,117.0,0.0,,
1932-08-10,311.0,122.0,0.0,,
1932-08-11,283.0,183.0,76.0,,
1932-08-12,278.0,156.0,0.0,,
1932-08-13,272.0,111.0,0.0,,
1932-08-14,311.0,89.0,0.0,,
1932-08-15,317.0,100.0,0.0,,
1932-08-16,339.0,111.0,0.0,,
1932-08-17,333.0,144.0,25.0,,
1932-08-18,283.0,194.0,312.0,,
1932-08-19,267.0,111.0,0.0,,
1932-08-20,244.0,78.0,0.0,,
1932-08-21,256.0,83.0,0.0,,
1932-08-22,294.0,89.0,0.0,,
1932-08-23,322.0,111.0,0.0,,
1932-08-24,311.0,106.0,0.0,,
1932-08-25,317.0,117.0,0.0,,
1932-08-26,322.0,117.0,0.0,,
1932-08-27,322.0,183.0,0.0,,
1932-08-28,322.0,156.0,0.0,,
1932-08-29,328.0,172.0,0.0,,
1932-08-30,356.0,178.0,0.0,,
1932-08-31,367.0,183.0,0.0,,
1932-09-01,378.0,172.0,0.0,,
1932-09-02,372.0,200.0,0.0,,
1932-09-03,356.0,194.0,160.0,,
1932-09-04,339.0,189.0,38.0,,
1932-09-05,300.0,172.0,0.0,,
1932-09-06,283.0,200.0,0.0,,
1932-09-07,244.0,50.0,0.0,,
1932-09-08,239.0,28.0,0.0,,
1932-09-09,278.0,67.0,0.0,,
1932-09-10,306.0,83.0,0.0,,
1932-09-11,306.0,83.0,0.0,,
1932-09-12,300.0,83.0,0.0,,
1932-09-13,317.0,94.0,0.0,,
1932-09-14,317.0,133.0,0.0,,
1932-09-15,311.0,100.0,0.0,,
1932-09-16,283.0,89.0,0.0,,
1932-09-17,267.0,50.0,0.0,,
1932-09-18,283.0,33.0,0.0,,
1932-09-19,333.0,89.0,0.0,,
1932-09-20,306.0,144.0,0.0,,
1932-09-21,300.0,144.0,0.0,,
1932-09-22,294.0,156.0,0.0,,
1932-09-23,300.0,156.0,112.0,,
1932-09-24,211.0,44.0,0.0,,
1932-09-25,217.0,22.0,0.0,,
1932-09-26,217.0,50.0,0.0,,
1932-09-27,239.0,150.0,64.0,,
1932-09-28,217.0,144.0,84.0,,
1932-09-29,200.0,39.0,0.0,,
1932-09-30,211.0,6.0,0.0,,
1932-10-01,239.0,17.0,0.0,,
1932-10-02,239.0,17.0,0.0,,
1932-10-03,283.0,11.0,0.0,,
1932-10-04,267.0,67.0,0.0,,
1932-10-05,228.0,100.0,178.0,,
1932-10-06,100.0,44.0,241.0,,
1932-10-07,156.0,0.0,0.0,,
1932-10-08,239.0,6.0,0.0,,
1932-10-09,239.0,28.0,0.0,,
1932-10-10,222.0,39.0,0.0,,
1932-10-11,206.0,56.0,28.0,,
1932-10-12,133.0,67.0,0.0,,
1932-10-13,178.0,17.0,5.0,,
1932-10-14,189.0,6.0,0.0,,
1932-10-15,239.0,17.0,0.0,,
1932-10-16,211.0,100.0,43.0,,
1932-10-17,222.0,144.0,234.0,,
1932-10-18,217.0,139.0,30.0,,
1932-10-19,206.0,139.0,10.0,,
1932-10-20,228.0,139.0,0.0,,
1932-10-21,211.0,28.0,0.0,,
1932-10-22,183.0,0.0,0.0,,
1932-10-23,233.0,39.0,0.0,,
1932-10-24,256.0,67.0,0.0,,
1932-10-25,256.0,56.0,0.0,,
1932-10-26,239.0,100.0,0.0,,
1932-10-27,233.0,61.0,208.0,,
1932-10-28,128.0,44.0,41.0,,
1932-10-29,194.0,-11.0,0.0,,
1932-10-30,183.0,22.0,0.0,,
1932-10-31,222.0,6.0,0.0,,
1932-11-01,144.0,56.0,147.0,,
1932-11-02,128.0,-28.0,0.0,,
1932-11-03,183.0,-39.0,0.0,,
1932-11-04,200.0,-39.0,0.0,,
1932-11-05,167.0,44.0,20.0,,
1932-11-06,200.0,100.0,0.0,,
1932-11-07,239.0,72.0,0.0,,
1932-11-08,211.0,44.0,0.0,,
1932-11-09,100.0,-39.0,414.0,,
1932-11-10,222.0,78.0,25.0,,
1932-11-11,167.0,-6.0,18.0,,
1932-11-12,72.0,-17.0,8.0,,
1932-11-13,17.0,-28.0,0.0,,
1932-11-14,150.0,-61.0,0.0,,
1932-11-15,156.0,-39.0,76.0,,
1932-11-16,78.0,11.0,15.0,,
1932-11-17,100.0,-39.0,0.0,,
1932-11-18,172.0,-50.0,0.0,,
1932-11-19,156.0,17.0,239.0,,
1932-11-20,72.0,-11.0,5.0,,
1932-11-21,100.0,-11.0,0.0,,
1932-11-22,39.0,0.0,0.0,,
1932-11-23,167.0,-72.0,0.0,,
1932-11-24,139.0,-6.0,0.0,,
1932-11-25,144.0,-33.0,0.0,,
1932-11-26,139.0,0.0,61.0,,
1932-11-27,0.0,-106.0,0.0,,
1932-11-28,56.0,-117.0,0.0,,
1932-11-29,67.0,-117.0,0.0,,
1932-11-30,122.0,-83.0,0.0,,
1932-12-01,156.0,-83.0,0.0,,0.0
1932-12-02,161.0,-61.0,0.0,,0.0
1932-12-03,167.0,100.0,0.0,,0.0
1932-12-04,156.0,-11.0,0.0,,0.0
1932-12-05,156.0,-39.0,8.0,,0.0
1932-12-06,194.0,-28.0,0.0,,0.0
1932-12-07,183.0,67.0,15.0,,0.0
1932-12-08,100.0,-11.0,0.0,,0.0
1932-12-09,44.0,-83.0,0.0,,0.0
1932-12-10,44.0,-50.0,56.0,,25.0
1932-12-11,33.0,-6.0,15.0,,0.0
1932-12-12,56.0,17.0,33.0,,0.0
1932-12-13,128.0,-33.0,51.0,,0.0
1932-12-14,0.0,-39.0,41.0,,51.0
1932-12-15,-22.0,-67.0,0.0,,0.0
1932-12-16,-67.0,-200.0,0.0,,0.0
1932-12-17,-33.0,-111.0,64.0,,51.0
1932-12-18,0.0,-189.0,0.0,,0.0
1932-12-19,44.0,-178.0,0.0,,0.0
1932-12-20,100.0,-94.0,0.0,,0.0
1932-12-21,128.0,17.0,0.0,,0.0
1932-12-22,194.0,-44.0,0.0,,0.0
1932-12-23,194.0,61.0,43.0,,0.0
1932-12-24,17.0,-178.0,0.0,,0.0
1932-12-25,183.0,0.0,0.0,,0.0
1932-12-26,,33.0,0.0,,0.0
1932-12-27,,-22.0,86.0,,0.0
1932-12-28,,67.0,48.0,,0.0
1932-12-29,156.0,6.0,0.0,,0.0
1932-12-30,211.0,11.0,76.0,,0.0
1932-12-31,200.0,0.0,140.0,,0.0
1933-01-01,11.0,-117.0,0.0,,0.0
1933-01-02,83.0,-117.0,0.0,,0.0
1933-01-03,117.0,-56.0,0.0,,0.0
1933-01-04,156.0,28.0,0.0,,0.0
1933-01-05,139.0,17.0,0.0,,0.0
1933-01-06,156.0,-61.0,0.0,,0.0
1933-01-07,156.0,17.0,25.0,,0.0
1933-01-08,128.0,-50.0,0.0,,0.0
1933-01-09,83.0,22.0,119.0,,0.0
1933-01-10,128.0,-39.0,0.0,,0.0
1933-01-11,144.0,11.0,13.0,,0.0
1933-01-12,100.0,-50.0,0.0,,0.0
1933-01-13,83.0,-100.0,0.0,,0.0
1933-01-14,100.0,-89.0,0.0,,0.0
1933-01-15,94.0,-72.0,0.0,,0.0
1933-01-16,100.0,-78.0,0.0,,0.0
1933-01-17,128.0,28.0,0.0,,0.0
1933-01-18,128.0,72.0,127.0,,0.0
1933-01-19,183.0,72.0,13.0,,0.0
1933-01-20,156.0,-22.0,0.0,,0.0
1933-01-21,144.0,-11.0,0.0,,0.0
1933-01-22,222.0,133.0,51.0,,0.0
1933-01-23,217.0,61.0,0.0,,0.0
1933-01-24,156.0,-22.0,0.0,,0.0
1933-01-25,128.0,0.0,84.0,,0.0
1933-01-26,72.0,6.0,114.0,,0.0
1933-01-27,72.0,-11.0,56.0,,0.0
1933-01-28,56.0,-11.0,56.0,,0.0
1933-01-29,0.0,-111.0,0.0,,0.0
1933-01-30,44.0,-72.0,0.0,,0.0
1933-01-31,111.0,-17.0,0.0,,0.0
1933-02-01,133.0,-17.0,13.0,,0.0
1933-02-02,133.0,-11.0,0.0,,0.0
1933-02-03,111.0,-44.0,0.0,,0.0
1933-02-04,44.0,-56.0,13.0,,0.0
1933-02-05,6.0,-128.0,25.0,,0.0
1933-02-06,39.0,-178.0,0.0,,0.0
1933-02-07,100.0,0.0,84.0,,0.0
1933-02-08,128.0,-67.0,89.0,,51.0
1933-02-09,-67.0,-189.0,0.0,,0.0
1933-02-10,-11.0,-183.0,15.0,,0.0
1933-02-11,-11.0,-56.0,13.0,,0.0
1933-02-12,6.0,-194.0,0.0,,0.0
1933-02-13,61.0,-100.0,0.0,,0.0
1933-02-14,100.0,22.0,30.0,,0.0
1933-02-15,111.0,0.0,114.0,,0.0
1933-02-16,100.0,-94.0,0.0,,0.0
1933-02-17,111.0,-17.0,0.0,,0.0
1933-02-18,100.0,39.0,38.0,,0.0
1933-02-19,156.0,-44.0,0.0,,0.0
1933-02-20,139.0,44.0,147.0,,0.0
1933-02-21,100.0,-11.0,0.0,,0.0
1933-02-22,183.0,83.0,0.0,,0.0
1933-02-23,183.0,-22.0,0.0,,0.0
1933-02-24,183.0,-22.0,0.0,,0.0
1933-02-25,167.0,28.0,165.0,,0.0
1933-02-26,139.0,-11.0,0.0,,0.0
1933-02-27,61.0,-78.0,0.0,,0.0
1933-02-28,83.0,-83.0,0.0,,0.0
1933-03-01,83.0,-61.0,0.0,,
1933-03-02,44.0,-22.0,13.0,,
1933-03-03,44.0,33.0,10.0,,
1933-03-04,28.0,-6.0,0.0,,
1933-03-05,28.0,-83.0,0.0,,
1933-03-06,167.0,-106.0,0.0,,
1933-03-07,156.0,11.0,89.0,,
1933-03-08,83.0,6.0,58.0,,
1933-03-09,83.0,-6.0,20.0,,
1933-03-10,56.0,-94.0,13.0,,
1933-03-11,-6.0,-128.0,0.0,,
1933-03-12,128.0,-11.0,191.0,,
1933-03-13,144.0,-11.0,0.0,,
1933-03-14,222.0,128.0,25.0,,
1933-03-15,211.0,17.0,173.0,,
1933-03-16,100.0,-61.0,0.0,,
1933-03-17,183.0,-11.0,216.0,,
1933-03-18,172.0,33.0,0.0,,
1933-03-19,228.0,117.0,191.0,,
1933-03-20,222.0,117.0,13.0,,
1933-03-21,211.0,11.0,213.0,,
1933-03-22,61.0,-11.0,0.0,,0.0
1933-03-23,61.0,-11.0,10.0,,
1933-03-24,44.0,-17.0,51.0,,
1933-03-25,83.0,-17.0,46.0,,
1933-03-26,83.0,-6.0,36.0,,
1933-03-27,100.0,-50.0,0.0,,
1933-03-28,100.0,-11.0,0.0,,
1933-03-29,100.0,-61.0,0.0,,
1933-03-30,244.0,-50.0,0.0,,
1933-03-31,200.0,83.0,36.0,,
1933-04-01,200.0,106.0,33.0,,
1933-04-02,200.0,89.0,30.0,,
1933-04-03,144.0,6.0,8.0,,
1933-04-04,128.0,44.0,51.0,,
1933-04-05,228.0,-11.0,0.0,,
1933-04-06,239.0,100.0,163.0,,
1933-04-07,194.0,11.0,127.0,,
1933-04-08,178.0,-11.0,0.0,,
1933-04-09,256.0,17.0,0.0,,
1933-04-10,278.0,44.0,0.0,,
1933-04-11,272.0,128.0,89.0,,
1933-04-12,156.0,17.0,213.0,,
1933-04-13,211.0,-56.0,0.0,,
1933-04-14,239.0,17.0,0.0,,
1933-04-15,222.0,89.0,0.0,,
1933-04-16,211.0,111.0,79.0,,
1933-04-17,200.0,39.0,18.0,,
1933-04-18,178.0,22.0,15.0,,
1933-04-19,144.0,89.0,91.0,,
1933-04-20,156.0,56.0,0.0,,
1933-04-21,200.0,72.0,0.0,,
1933-04-22,183.0,89.0,0.0,,
1933-04-23,200.0,-28.0,0.0,,
1933-04-24,222.0,-28.0,0.0,,
1933-04-25,211.0,100.0,191.0,,
1933-04-26,144.0,39.0,58.0,,
1933-04-27,144.0,-28.0,0.0,,
1933-04-28,233.0,-11.0,0.0,,
1933-04-29,289.0,33.0,0.0,,
1933-04-30,278.0,100.0,0.0,,
1933-05-01,289.0,128.0,13.0,,
1933-05-02,256.0,133.0,127.0,,
1933-05-03,161.0,111.0,51.0,,
1933-05-04,172.0,72.0,5.0,,
1933-05-05,222.0,67.0,56.0,,
1933-05-06,222.0,133.0,157.0,,
1933-05-07,194.0,117.0,36.0,,
1933-05-08,239.0,139.0,0.0,,
1933-05-09,256.0,83.0,51.0,,
1933-05-10,211.0,156.0,211.0,,
1933-05-11,222.0,133.0,356.0,,
1933-05-12,267.0,133.0,30.0,,
1933-05-13,272.0,161.0,30.0,,
1933-05-14,267.0,167.0,279.0,,
1933-05-15,239.0,178.0,0.0,,
1933-05-16,200.0,133.0,152.0,,
1933-05-17,217.0,89.0,0.0,,
1933-05-18,267.0,67.0,0.0,,
1933-05-19,289.0,83.0,0.0,,
1933-05-20,267.0,100.0,0.0,,
1933-05-21,267.0,89.0,157.0,,
1933-05-22,244.0,61.0,0.0,,
1933-05-23,300.0,89.0,0.0,,
1933-05-24,311.0,144.0,0.0,,
1933-05-25,300.0,156.0,0.0,,
1933-05-26,311.0,156.0,0.0,,
1933-05-27,306.0,161.0,152.0,,
1933-05-28,256.0,161.0,411.0,,
1933-05-29,272.0,156.0,61.0,,
1933-05-30,283.0,144.0,51.0,,
1933-05-31,278.0,111.0,0.0,,
1933-06-01,222.0,72.0,0.0,,
1933-06-02,267.0,67.0,0.0,,
1933-06-03,306.0,100.0,0.0,,
1933-06-04,311.0,139.0,64.0,,
1933-06-05,317.0,144.0,5.0,,
1933-06-06,311.0,167.0,0.0,,
1933-06-07,350.0,156.0,0.0,,
1933-06-08,361.0,194.0,0.0,,
1933-06-09,356.0,206.0,0.0,,
1933-06-10,361.0,167.0,147.0,,
1933-06-11,356.0,167.0,0.0,,
1933-06-12,344.0,172.0,0.0,,
1933-06-13,333.0,111.0,940.0,,
1933-06-14,183.0,44.0,0.0,,
1933-06-15,206.0,39.0,0.0,,
1933-06-16,228.0,106.0,0.0,,
1933-06-17,272.0,139.0,5.0,,
1933-06-18,272.0,61.0,0.0,,
1933-06-19,322.0,94.0,0.0,,
1933-06-20,333.0,133.0,0.0,,
1933-06-21,344.0,139.0,0.0,,
1933-06-22,344.0,156.0,0.0,,
1933-06-23,339.0,139.0,0.0,,
1933-06-24,339.0,139.0,0.0,,
1933-06-25,322.0,156.0,0.0,,
1933-06-26,300.0,183.0,46.0,,
1933-06-27,317.0,178.0,5.0,,
1933-06-28,322.0,183.0,36.0,,
1933-06-29,317.0,183.0,0.0,,
1933-06-30,344.0,189.0,0.0,,
1933-07-01,344.0,178.0,10.0,,
1933-07-02,333.0,189.0,279.0,,
1933-07-03,256.0,178.0,241.0,,
1933-07-04,267.0,78.0,0.0,,
1933-07-05,267.0,100.0,0.0,,
1933-07-06,294.0,106.0,0.0,,
1933-07-07,306.0,111.0,0.0,,
1933-07-08,317.0,117.0,0.0,,
1933-07-09,289.0,194.0,122.0,,
1933-07-10,300.0,189.0,0.0,,
1933-07-11,300.0,161.0,0.0,,
1933-07-12,306.0,139.0,0.0,,
1933-07-13,306.0,111.0,0.0,,
1933-07-14,306.0,117.0,0.0,,
1933-07-15,300.0,161.0,102.0,,
1933-07-16,294.0,161.0,386.0,,
1933-07-17,267.0,156.0,0.0,,
1933-07-18,272.0,111.0,0.0,,
1933-07-19,300.0,117.0,0.0,,
1933-07-20,328.0,178.0,18.0,,
1933-07-21,333.0,167.0,0.0,,
1933-07-22,356.0,156.0,0.0,,
1933-07-23,361.0,172.0,0.0,,
1933-07-24,361.0,128.0,198.0,,
1933-07-25,278.0,183.0,0.0,,
1933-07-26,272.0,200.0,69.0,,
1933-07-27,294.0,183.0,0.0,,
1933-07-28,272.0,161.0,147.0,,
1933-07-29,306.0,161.0,0.0,,
1933-07-30,311.0,206.0,18.0,,
1933-07-31,333.0,189.0,0.0,,
1933-08-01,322.0,206.0,0.0,,
1933-08-02,322.0,194.0,0.0,,
1933-08-03,317.0,194.0,0.0,,
1933-08-04,317.0,172.0,450.0,,
1933-08-05,283.0,128.0,0.0,,
1933-08-06,294.0,117.0,0.0,,
1933-08-07,294.0,117.0,0.0,,
1933-08-08,294.0,133.0,0.0,,
1933-08-09,294.0,178.0,43.0,,
1933-08-10,278.0,178.0,305.0,,
1933-08-11,278.0,178.0,152.0,,
1933-08-12,300.0,172.0,0.0,,
1933-08-13,306.0,161.0,0.0,,
1933-08-14,278.0,183.0,173.0,,
1933-08-15,272.0,133.0,0.0,,
1933-08-16,289.0,150.0,5.0,,
1933-08-17,289.0,139.0,10.0,,
1933-08-18,283.0,161.0,0.0,,
1933-08-19,300.0,150.0,0.0,,
1933-08-20,294.0,133.0,0.0,,
1933-08-21,278.0,150.0,0.0,,
1933-08-22,278.0,150.0,0.0,,
1933-08-23,261.0,156.0,0.0,,
1933-08-24,256.0,161.0,53.0,,
1933-08-25,317.0,150.0,0.0,,
1933-08-26,322.0,150.0,0.0,,
1933-08-27,322.0,156.0,0.0,,
1933-08-28,300.0,161.0,51.0,,
1933-08-29,256.0,133.0,0.0,,
1933-08-30,272.0,78.0,0.0,,
1933-08-31,261.0,156.0,81.0,,
1933-09-01,261.0,167.0,15.0,,
1933-09-02,294.0,156.0,20.0,,
1933-09-03,311.0,139.0,0.0,,
1933-09-04,272.0,206.0,234.0,,
1933-09-05,278.0,156.0,28.0,,
1933-09-06,311.0,122.0,0.0,,
1933-09-07,317.0,122.0,0.0,,
1933-09-08,339.0,156.0,0.0,,
1933-09-09,322.0,156.0,0.0,,
1933-09-10,311.0,228.0,0.0,,
1933-09-11,289.0,156.0,0.0,,
1933-09-12,278.0,178.0,51.0,,
1933-09-13,278.0,167.0,10.0,,
1933-09-14,283.0,183.0,160.0,,
1933-09-15,278.0,200.0,64.0,,
1933-09-16,283.0,156.0,0.0,,
1933-09-17,278.0,144.0,10.0,,
1933-09-18,272.0,106.0,0.0,,
1933-09-19,278.0,78.0,0.0,,
1933-09-20,278.0,144.0,279.0,,
1933-09-21,239.0,117.0,0.0,,
1933-09-22,233.0,111.0,0.0,,
1933-09-23,306.0,89.0,0.0,,
1933-09-24,306.0,122.0,0.0,,
1933-09-25,322.0,111.0,0.0,,
1933-09-26,294.0,122.0,0.0,,
1933-09-27,289.0,150.0,41.0,,
1933-09-28,233.0,150.0,5.0,,
1933-09-29,233.0,122.0,0.0,,
1933-09-30,289.0,72.0,0.0,,
1933-10-01,300.0,128.0,71.0,,
1933-10-02,222.0,111.0,0.0,,
1933-10-03,217.0,39.0,0.0,,
1933-10-04,222.0,28.0,0.0,,
1933-10-05,217.0,56.0,0.0,,
1933-10-06,194.0,28.0,0.0,,
1933-10-07,189.0,33.0,0.0,,
1933-10-08,211.0,28.0,18.0,,
1933-10-09,161.0,22.0,0.0,,
1933-10-10,150.0,28.0,3.0,,
1933-10-11,228.0,11.0,0.0,,
1933-10-12,211.0,56.0,23.0,,
1933-10-13,156.0,89.0,56.0,,
1933-10-14,189.0,22.0,0.0,,
1933-10-15,239.0,-22.0,0.0,,
1933-10-16,256.0,0.0,0.0,,
1933-10-17,206.0,111.0,279.0,,
1933-10-18,156.0,28.0,20.0,,
1933-10-19,206.0,-33.0,0.0,,
1933-10-20,200.0,72.0,0.0,,
1933-10-21,278.0,39.0,0.0,,
1933-10-22,278.0,78.0,0.0,,
1933-10-23,211.0,56.0,107.0,,
1933-10-24,183.0,61.0,0.0,,
1933-10-25,178.0,33.0,0.0,,
1933-10-26,161.0,-56.0,0.0,,
1933-10-27,156.0,-11.0,0.0,,
1933-10-28,167.0,44.0,0.0,,
1933-10-29,222.0,0.0,0.0,,
1933-10-30,256.0,56.0,0.0,,
1933-10-31,250.0,50.0,0.0,,
1933-11-01,239.0,56.0,0.0,,0.0
1933-11-02,256.0,94.0,0.0,,0.0
1933-11-03,250.0,67.0,0.0,,0.0
1933-11-04,239.0,56.0,5.0,,0.0
1933-11-05,139.0,61.0,213.0,,0.0
1933-11-06,100.0,44.0,38.0,,0.0
1933-11-07,56.0,33.0,13.0,,0.0
1933-11-08,44.0,-22.0,33.0,,25.0
1933-11-09,67.0,-44.0,5.0,,0.0
1933-11-10,22.0,-39.0,5.0,,0.0
1933-11-11,117.0,-44.0,0.0,,0.0
1933-11-12,128.0,22.0,51.0,,0.0
1933-11-13,100.0,22.0,51.0,,0.0
1933-11-14,33.0,-28.0,64.0,,51.0
1933-11-15,0.0,-78.0,18.0,,25.0
1933-11-16,-39.0,-161.0,0.0,,0.0
1933-11-17,72.0,-161.0,0.0,,0.0
1933-11-18,100.0,17.0,229.0,,0.0
1933-11-19,117.0,17.0,0.0,,0.0
1933-11-20,150.0,-17.0,0.0,,0.0
1933-11-21,217.0,-17.0,0.0,,0.0
1933-11-22,200.0,11.0,10.0,,0.0
1933-11-23,128.0,-22.0,13.0,,0.0
1933-11-24,50.0,22.0,0.0,,0.0
1933-11-25,200.0,-33.0,0.0,,0.0
1933-11-26,44.0,-22.0,25.0,,0.0
1933-11-27,33.0,-28.0,71.0,,51.0
1933-11-28,156.0,-22.0,0.0,,0.0
1933-11-29,194.0,-22.0,0.0,,0.0
1933-11-30,183.0,111.0,0.0,,0.0
1933-12-01,161.0,-39.0,0.0,,0.0
1933-12-02,167.0,-56.0,0.0,,0.0
1933-12-03,156.0,33.0,89.0,,0.0
1933-12-04,156.0,72.0,8.0,,0.0
1933-12-05,200.0,33.0,0.0,,0.0
1933-12-06,183.0,33.0,56.0,,0.0
1933-12-07,156.0,-33.0,0.0,,0.0
1933-12-08,122.0,-28.0,0.0,,0.0
1933-12-09,100.0,-39.0,0.0,,0.0
1933-12-10,11.0,-78.0,13.0,,0.0
1933-12-11,56.0,-44.0,0.0,,0.0
1933-12-12,-17.0,-128.0,0.0,,0.0
1933-12-13,0.0,-83.0,5.0,,0.0
1933-12-14,33.0,-11.0,8.0,,0.0
1933-12-15,200.0,33.0,0.0,,0.0
1933-12-16,189.0,106.0,320.0,,0.0
1933-12-17,217.0,106.0,198.0,,0.0
1933-12-18,200.0,33.0,25.0,,0.0
1933-12-19,128.0,17.0,38.0,,0.0
1933-12-20,128.0,56.0,208.0,,0.0
1933-12-21,67.0,33.0,0.0,,0.0
1933-12-22,144.0,-11.0,0.0,,0.0
1933-12-23,194.0,-17.0,0.0,,0.0
1933-12-24,200.0,22.0,0.0,,0.0
1933-12-25,183.0,6.0,74.0,,0.0
1933-12-26,44.0,-11.0,178.0,,51.0
1933-12-27,0.0,-172.0,5.0,,25.0
1933-12-28,-11.0,-139.0,0.0,,0.0
1933-12-29,-22.0,-144.0,0.0,,0.0
1933-12-30,61.0,-111.0,0.0,,0.0
1933-12-31,144.0,17.0,0.0,,0.0
1934-01-01,156.0,44.0,71.0,,0.0
1934-01-02,56.0,-11.0,0.0,,0.0
1934-01-03,50.0,-39.0,0.0,,0.0
1934-01-04,117.0,-50.0,0.0,,0.0
1934-01-05,167.0,72.0,140.0,,0.0
1934-01-06,150.0,11.0,20.0,,0.0
1934-01-07,194.0,67.0,391.0,,0.0
1934-01-08,183.0,33.0,64.0,,0.0
1934-01-09,56.0,11.0,8.0,0.0,0.0
1934-01-10,28.0,6.0,0.0,,0.0
1934-01-11,44.0,-39.0,0.0,,0.0
1934-01-12,67.0,-56.0,0.0,,0.0
1934-01-13,72.0,-22.0,15.0,,0.0
1934-01-14,78.0,0.0,30.0,,0.0
1934-01-15,72.0,-6.0,8.0,0.0,0.0
1934-01-16,83.0,-17.0,0.0,,0.0
1934-01-17,56.0,-67.0,0.0,,0.0
1934-01-18,72.0,-94.0,0.0,,0.0
1934-01-19,83.0,-28.0,0.0,,0.0
1934-01-20,128.0,-78.0,0.0,,0.0
1934-01-21,139.0,-44.0,0.0,,0.0
1934-01-22,144.0,-39.0,0.0,,0.0
1934-01-23,133.0,-50.0,0.0,,0.0
1934-01-24,156.0,-83.0,0.0,,0.0
1934-01-25,150.0,-28.0,0.0,,0.0
1934-01-26,139.0,22.0,152.0,,0.0
1934-01-27,122.0,-6.0,13.0,,0.0
1934-01-28,156.0,-11.0,28.0,0.0,0.0
1934-01-29,72.0,-161.0,8.0,0.0,0.0
1934-01-30,-89.0,-172.0,0.0,,0.0
1934-01-31,39.0,-167.0,0.0,,0.0
1934-02-01,44.0,-22.0,8.0,,0.0
1934-02-02,17.0,-56.0,20.0,,38.0
1934-02-03,11.0,-150.0,0.0,,0.0
1934-02-04,61.0,-122.0,0.0,,0.0
1934-02-05,56.0,-39.0,0.0,,0.0
1934-02-06,28.0,-78.0,0.0,,0.0
1934-02-07,17.0,-100.0,0.0,,0.0
1934-02-08,17.0,-78.0,0.0,,0.0
1934-02-09,-67.0,-217.0,0.0,,0.0
1934-02-10,28.0,-206.0,0.0,,0.0
1934-02-11,33.0,-106.0,56.0,,51.0
1934-02-12,11.0,-17.0,53.0,,64.0
1934-02-13,17.0,-67.0,0.0,,0.0
1934-02-14,61.0,-228.0,0.0,,0.0
1934-02-15,111.0,-61.0,0.0,,0.0
1934-02-16,100.0,-61.0,0.0,,0.0
1934-02-17,56.0,-128.0,0.0,,0.0
1934-02-18,139.0,-100.0,15.0,,0.0
1934-02-19,139.0,-72.0,3.0,,0.0
1934-02-20,22.0,-167.0,0.0,,0.0
1934-02-21,89.0,-133.0,0.0,,0.0
1934-02-22,94.0,-33.0,0.0,,0.0
1934-02-23,11.0,-89.0,0.0,,0.0
1934-02-24,-50.0,-172.0,13.0,,0.0
1934-02-25,0.0,-78.0,109.0,,114.0
1934-02-26,0.0,-94.0,94.0,,114.0
1934-02-27,-83.0,-239.0,0.0,,0.0
1934-02-28,11.0,-272.0,0.0,,0.0
1934-03-01,56.0,-172.0,,,0.0
1934-03-02,72.0,-72.0,,,0.0
1934-03-03,167.0,11.0,152.0,,0.0
1934-03-04,161.0,94.0,41.0,,0.0
1934-03-05,128.0,67.0,30.0,,0.0
1934-03-06,128.0,6.0,51.0,,0.0
1934-03-07,122.0,-28.0,508.0,,51.0
1934-03-08,44.0,-22.0,216.0,,203.0
1934-03-09,44.0,-122.0,,,0.0
1934-03-10,83.0,-89.0,10.0,,0.0
1934-03-11,0.0,-122.0,15.0,,0.0
1934-03-12,44.0,-178.0,,,0.0
1934-03-13,172.0,-28.0,,,0.0
1934-03-14,161.0,-22.0,46.0,,0.0
1934-03-15,83.0,-111.0,,,0.0
1934-03-16,178.0,-28.0,,,0.0
1934-03-17,228.0,-22.0,,,0.0
1934-03-18,222.0,-17.0,28.0,,0.0
1934-03-19,39.0,-61.0,,,0.0
1934-03-20,100.0,-28.0,,,0.0
1934-03-21,194.0,-39.0,,,0.0
1934-03-22,200.0,-11.0,,,0.0
1934-03-23,11.0,-44.0,51.0,,51.0
1934-03-24,11.0,-22.0,13.0,,0.0
1934-03-25,89.0,-67.0,,,0.0
1934-03-26,222.0,6.0,56.0,,0.0
1934-03-27,106.0,39.0,198.0,,0.0
1934-03-28,44.0,-33.0,30.0,,0.0
1934-03-29,172.0,-67.0,,,0.0
1934-03-30,228.0,-61.0,,,0.0
1934-03-31,239.0,44.0,23.0,,0.0
1934-04-01,239.0,17.0,0.0,,0.0
1934-04-02,283.0,39.0,0.0,,0.0
1934-04-03,278.0,,18.0,,0.0
1934-04-04,239.0,100.0,0.0,,0.0
1934-04-05,278.0,61.0,0.0,,0.0
1934-04-06,283.0,106.0,20.0,,0.0
1934-04-07,278.0,106.0,41.0,,0.0
1934-04-08,211.0,11.0,0.0,,0.0
1934-04-09,233.0,61.0,0.0,,0.0
1934-04-10,250.0,44.0,0.0,,0.0
1934-04-11,250.0,83.0,127.0,,0.0
1934-04-12,83.0,-11.0,25.0,,0.0
1934-04-13,56.0,-11.0,13.0,,0.0
1934-04-14,100.0,22.0,0.0,,0.0
1934-04-15,244.0,33.0,0.0,,0.0
1934-04-16,239.0,111.0,23.0,,0.0
1934-04-17,233.0,44.0,0.0,,0.0
1934-04-18,250.0,17.0,0.0,,0.0
1934-04-19,239.0,111.0,20.0,,0.0
1934-04-20,217.0,44.0,0.0,,0.0
1934-04-21,206.0,-22.0,0.0,,0.0
1934-04-22,156.0,0.0,0.0,,0.0
1934-04-23,233.0,78.0,0.0,,0.0
1934-04-24,239.0,122.0,0.0,,0.0
1934-04-25,189.0,-22.0,0.0,,0.0
1934-04-26,139.0,-39.0,0.0,,0.0
1934-04-27,117.0,33.0,231.0,,0.0
1934-04-28,133.0,-50.0,0.0,,0.0
1934-04-29,239.0,-11.0,0.0,,0.0
1934-04-30,250.0,22.0,0.0,,0.0
1934-05-01,250.0,33.0,0.0,,
1934-05-02,267.0,44.0,0.0,,
1934-05-03,272.0,44.0,0.0,,
1934-05-04,272.0,56.0,0.0,,
1934-05-05,300.0,67.0,0.0,,
1934-05-06,306.0,117.0,0.0,,
1934-05-07,283.0,117.0,0.0,,
1934-05-08,261.0,11.0,0.0,,
1934-05-09,294.0,78.0,0.0,,
1934-05-10,283.0,44.0,81.0,,
1934-05-11,133.0,33.0,0.0,,
1934-05-12,156.0,100.0,0.0,,
1934-05-13,294.0,44.0,0.0,,
1934-05-14,283.0,100.0,0.0,,
1934-05-15,211.0,128.0,201.0,,
1934-05-16,194.0,56.0,0.0,,
1934-05-17,261.0,56.0,0.0,,
1934-05-18,278.0,78.0,0.0,,
1934-05-19,311.0,100.0,0.0,,
1934-05-20,333.0,111.0,0.0,,
1934-05-21,333.0,117.0,0.0,,
1934-05-22,317.0,167.0,89.0,,
1934-05-23,233.0,106.0,0.0,,
1934-05-24,206.0,44.0,0.0,,
1934-05-25,200.0,28.0,102.0,,
1934-05-26,206.0,17.0,0.0,,
1934-05-27,222.0,28.0,0.0,,
1934-05-28,272.0,94.0,5.0,,
1934-05-29,272.0,94.0,0.0,,
1934-05-30,300.0,100.0,0.0,,
1934-05-31,294.0,100.0,0.0,,
1934-06-01,333.0,61.0,,,
1934-06-02,339.0,117.0,,,
1934-06-03,333.0,150.0,0.0,,
1934-06-04,328.0,144.0,0.0,,
1934-06-05,311.0,144.0,,,
1934-06-06,294.0,161.0,18.0,,
1934-06-07,294.0,200.0,,,
1934-06-08,317.0,156.0,,,
1934-06-09,322.0,178.0,66.0,,
1934-06-10,294.0,194.0,,,
1934-06-11,294.0,178.0,64.0,,
1934-06-12,278.0,178.0,302.0,,
1934-06-13,267.0,100.0,,,
1934-06-14,272.0,94.0,,,
1934-06-15,300.0,100.0,,,
1934-06-16,328.0,100.0,,,
1934-06-17,339.0,117.0,,,
1934-06-18,311.0,183.0,135.0,,
1934-06-19,294.0,183.0,33.0,,
1934-06-20,317.0,144.0,,,
1934-06-21,328.0,139.0,,,
1934-06-22,328.0,128.0,,,
1934-06-23,333.0,167.0,340.0,,
1934-06-24,322.0,161.0,,,
1934-06-25,328.0,161.0,,,
1934-06-26,344.0,133.0,,,
1934-06-27,344.0,183.0,51.0,,
1934-06-28,350.0,183.0,,,
1934-06-29,344.0,194.0,,,
1934-06-30,339.0,200.0,,,
1934-07-01,333.0,189.0,84.0,,
1934-07-02,311.0,172.0,0.0,,
1934-07-03,333.0,172.0,0.0,,
1934-07-04,333.0,167.0,0.0,,
1934-07-05,356.0,156.0,0.0,,
1934-07-06,344.0,183.0,0.0,,
1934-07-07,333.0,194.0,0.0,,
1934-07-08,328.0,178.0,99.0,,
1934-07-09,317.0,167.0,5.0,,
1934-07-10,317.0,161.0,0.0,,
1934-07-11,322.0,161.0,53.0,,
1934-07-12,311.0,156.0,15.0,,
1934-07-13,317.0,194.0,41.0,,
1934-07-14,328.0,194.0,13.0,,
1934-07-15,339.0,172.0,0.0,,
1934-07-16,333.0,189.0,0.0,,
1934-07-17,322.0,150.0,0.0,,
1934-07-18,333.0,100.0,0.0,,
1934-07-19,356.0,100.0,0.0,,
1934-07-20,344.0,172.0,0.0,,
1934-07-21,389.0,200.0,0.0,,
1934-07-22,361.0,211.0,0.0,,
1934-07-23,356.0,183.0,0.0,,
1934-07-24,383.0,144.0,0.0,,
1934-07-25,389.0,167.0,33.0,,
1934-07-26,389.0,178.0,46.0,,
1934-07-27,350.0,178.0,0.0,,
1934-07-28,350.0,206.0,724.0,,
1934-07-29,272.0,194.0,8.0,,
1934-07-30,311.0,194.0,0.0,,
1934-07-31,311.0,178.0,147.0,,
1934-08-01,289.0,133.0,13.0,,
1934-08-02,272.0,178.0,178.0,,
1934-08-03,278.0,178.0,102.0,,
1934-08-04,294.0,183.0,38.0,,
1934-08-05,267.0,150.0,0.0,,
1934-08-06,289.0,178.0,0.0,,
1934-08-07,322.0,150.0,0.0,,
1934-08-08,333.0,178.0,0.0,,
1934-08-09,322.0,183.0,0.0,,
1934-08-10,322.0,217.0,361.0,,
1934-08-11,289.0,189.0,0.0,,
1934-08-12,294.0,194.0,0.0,,
1934-08-13,317.0,189.0,0.0,,
1934-08-14,322.0,200.0,0.0,,
1934-08-15,311.0,183.0,0.0,,
1934-08-16,278.0,183.0,488.0,,
1934-08-17,294.0,189.0,0.0,,
1934-08-18,306.0,161.0,0.0,,
1934-08-19,311.0,161.0,0.0,,
1934-08-20,300.0,133.0,0.0,,
1934-08-21,272.0,133.0,0.0,,
1934-08-22,278.0,139.0,0.0,,
1934-08-23,306.0,183.0,64.0,,
1934-08-24,283.0,189.0,64.0,,
1934-08-25,267.0,194.0,345.0,,
1934-08-26,250.0,172.0,0.0,,
1934-08-27,272.0,89.0,0.0,,
1934-08-28,278.0,133.0,23.0,,
1934-08-29,244.0,100.0,28.0,,
1934-08-30,239.0,67.0,0.0,,
1934-08-31,278.0,83.0,0.0,,
1934-09-01,283.0,100.0,0.0,,
1934-09-02,306.0,117.0,0.0,,
1934-09-03,311.0,89.0,0.0,,
1934-09-04,300.0,117.0,10.0,,
1934-09-05,217.0,89.0,0.0,,
1934-09-06,283.0,83.0,0.0,,
1934-09-07,294.0,117.0,0.0,,
1934-09-08,283.0,161.0,0.0,,
1934-09-09,294.0,122.0,0.0,,
1934-09-10,300.0,128.0,0.0,,
1934-09-11,294.0,111.0,0.0,,
1934-09-12,289.0,167.0,94.0,,
1934-09-13,289.0,156.0,64.0,,
1934-09-14,294.0,144.0,0.0,,
1934-09-15,300.0,144.0,0.0,,
1934-09-16,283.0,183.0,213.0,,
1934-09-17,256.0,94.0,0.0,,
1934-09-18,272.0,83.0,0.0,,
1934-09-19,244.0,72.0,0.0,,
1934-09-20,278.0,56.0,0.0,,
1934-09-21,289.0,100.0,0.0,,
1934-09-22,300.0,128.0,0.0,,
1934-09-23,311.0,144.0,0.0,,
1934-09-24,317.0,156.0,0.0,,
1934-09-25,317.0,139.0,0.0,,
1934-09-26,317.0,161.0,0.0,,
1934-09-27,311.0,156.0,0.0,,
1934-09-28,306.0,144.0,0.0,,
1934-09-29,300.0,56.0,267.0,,
1934-09-30,239.0,161.0,127.0,,
1934-10-01,211.0,44.0,0.0,,
1934-10-02,222.0,28.0,0.0,,
1934-10-03,233.0,39.0,0.0,,
1934-10-04,256.0,56.0,0.0,,
1934-10-05,250.0,78.0,0.0,,
1934-10-06,283.0,150.0,64.0,,
1934-10-07,222.0,44.0,0.0,,
1934-10-08,239.0,28.0,0.0,,
1934-10-09,272.0,44.0,0.0,,
1934-10-10,244.0,100.0,0.0,,
1934-10-11,250.0,67.0,0.0,,
1934-10-12,294.0,56.0,0.0,,
1934-10-13,267.0,-17.0,0.0,,
1934-10-14,144.0,-56.0,0.0,,
1934-10-15,206.0,-39.0,0.0,,
1934-10-16,256.0,-17.0,0.0,,
1934-10-17,256.0,0.0,0.0,,
1934-10-18,250.0,67.0,0.0,,
1934-10-19,211.0,67.0,0.0,,
1934-10-20,244.0,-39.0,0.0,,
1934-10-21,256.0,56.0,18.0,,
1934-10-22,256.0,106.0,0.0,,
1934-10-23,222.0,56.0,0.0,,
1934-10-24,244.0,22.0,0.0,,
1934-10-25,256.0,22.0,97.0,,
1934-10-26,239.0,72.0,0.0,,
1934-10-27,217.0,44.0,10.0,,
1934-10-28,122.0,22.0,0.0,,
1934-10-29,128.0,-56.0,0.0,,
1934-10-30,122.0,-67.0,0.0,,
1934-10-31,183.0,-22.0,0.0,,
1934-11-01,167.0,0.0,122.0,,
1934-11-02,144.0,-17.0,0.0,,
1934-11-03,233.0,-56.0,0.0,,
1934-11-04,200.0,94.0,137.0,,
1934-11-05,189.0,117.0,0.0,,
1934-11-06,178.0,56.0,122.0,,
1934-11-07,178.0,-6.0,0.0,,
1934-11-08,167.0,61.0,0.0,,
1934-11-09,161.0,-6.0,0.0,,
1934-11-10,178.0,-56.0,5.0,,
1934-11-11,83.0,17.0,0.0,,
1934-11-12,44.0,-17.0,0.0,,
1934-11-13,100.0,-22.0,0.0,,
1934-11-14,106.0,-11.0,0.0,,
1934-11-15,100.0,-100.0,0.0,,
1934-11-16,117.0,-89.0,0.0,,
1934-11-17,183.0,-61.0,0.0,,
1934-11-18,206.0,-44.0,0.0,,
1934-11-19,222.0,-6.0,0.0,,
1934-11-20,200.0,-22.0,0.0,,
1934-11-21,233.0,22.0,0.0,,
1934-11-22,228.0,167.0,0.0,,
1934-11-23,222.0,44.0,295.0,,
1934-11-24,89.0,17.0,8.0,,
1934-11-25,94.0,-72.0,0.0,,
1934-11-26,111.0,-78.0,0.0,,
1934-11-27,211.0,33.0,0.0,,
1934-11-28,206.0,17.0,0.0,,
1934-11-29,200.0,106.0,56.0,,
1934-11-30,250.0,83.0,25.0,,
1934-12-01,228.0,50.0,58.0,,0.0
1934-12-02,89.0,-50.0,0.0,,0.0
1934-12-03,83.0,-56.0,8.0,,0.0
1934-12-04,100.0,17.0,0.0,,0.0
1934-12-05,56.0,-56.0,0.0,,0.0
1934-12-06,100.0,-78.0,0.0,,0.0
1934-12-07,83.0,-28.0,0.0,,0.0
1934-12-08,11.0,-100.0,0.0,,0.0
1934-12-09,-11.0,-67.0,8.0,,0.0
1934-12-10,-28.0,-89.0,20.0,,25.0
1934-12-11,-44.0,-156.0,10.0,,25.0
1934-12-12,-33.0,-106.0,0.0,,0.0
1934-12-13,11.0,-39.0,0.0,,0.0
1934-12-14,28.0,-44.0,0.0,,0.0
1934-12-15,44.0,-122.0,0.0,,0.0
1934-12-16,106.0,-39.0,0.0,,0.0
1934-12-17,100.0,72.0,5.0,,0.0
1934-12-18,72.0,-17.0,0.0,,0.0
1934-12-19,128.0,-50.0,76.0,,0.0
1934-12-20,100.0,-6.0,30.0,,0.0
1934-12-21,89.0,-89.0,0.0,,0.0
1934-12-22,78.0,-17.0,33.0,,0.0
1934-12-23,122.0,-50.0,0.0,,0.0
1934-12-24,111.0,-50.0,0.0,,0.0
1934-12-25,111.0,-33.0,0.0,,0.0
1934-12-26,94.0,-39.0,157.0,,0.0
1934-12-27,72.0,-111.0,0.0,,0.0
1934-12-28,78.0,-50.0,0.0,,0.0
1934-12-29,78.0,44.0,0.0,,0.0
1934-12-30,67.0,-22.0,0.0,,0.0
1934-12-31,67.0,-106.0,0.0,,0.0
1935-01-01,67.0,6.0,114.0,,0.0
1935-01-02,50.0,-94.0,0.0,,0.0
1935-01-03,128.0,0.0,0.0,,0.0
1935-01-04,117.0,-94.0,0.0,,0.0
1935-01-05,156.0,-111.0,0.0,,0.0
1935-01-06,139.0,-11.0,0.0,,0.0
1935-01-07,128.0,33.0,25.0,,0.0
1935-01-08,133.0,0.0,89.0,,0.0
1935-01-09,200.0,72.0,196.0,,0.0
1935-01-10,189.0,-61.0,0.0,,0.0
1935-01-11,111.0,0.0,0.0,,0.0
1935-01-12,67.0,-67.0,0.0,,0.0
1935-01-13,106.0,-22.0,36.0,,0.0
1935-01-14,100.0,-94.0,0.0,,0.0
1935-01-15,56.0,-39.0,0.0,,0.0
1935-01-16,100.0,-22.0,30.0,,0.0
1935-01-17,144.0,-11.0,198.0,,0.0
1935-01-18,100.0,-28.0,0.0,,0.0
1935-01-19,44.0,-11.0,51.0,,0.0
1935-01-20,117.0,,272.0,,0.0
1935-01-21,217.0,89.0,25.0,,0.0
1935-01-22,211.0,72.0,203.0,,152.0
1935-01-23,-17.0,-50.0,0.0,,0.0
1935-01-24,-39.0,-233.0,5.0,,0.0
1935-01-25,-28.0,-233.0,0.0,,0.0
1935-01-26,-6.0,-39.0,5.0,,0.0
1935-01-27,0.0,-111.0,3.0,,0.0
1935-01-28,39.0,-217.0,0.0,,0.0
1935-01-29,39.0,-89.0,0.0,,0.0
1935-01-30,11.0,-178.0,0.0,,0.0
1935-01-31,28.0,-150.0,0.0,51.0,0.0
1935-02-01,61.0,-33.0,0.0,,
1935-02-02,100.0,-56.0,0.0,,
1935-02-03,100.0,17.0,0.0,,
1935-02-04,28.0,-39.0,0.0,,
1935-02-05,44.0,-39.0,0.0,,
1935-02-06,44.0,-67.0,10.0,,0.0
1935-02-07,83.0,-94.0,0.0,,
1935-02-08,106.0,-11.0,0.0,,
1935-02-09,100.0,61.0,13.0,,
1935-02-10,72.0,-6.0,56.0,,
1935-02-11,17.0,-39.0,0.0,,
1935-02-12,117.0,-83.0,0.0,,
1935-02-13,117.0,6.0,0.0,,
1935-02-14,106.0,39.0,94.0,,
1935-02-15,161.0,89.0,5.0,,
1935-02-16,161.0,-22.0,0.0,,
1935-02-17,100.0,0.0,46.0,,0.0
1935-02-18,50.0,-33.0,0.0,,
1935-02-19,67.0,11.0,0.0,,
1935-02-20,56.0,-22.0,5.0,,0.0
1935-02-21,44.0,-128.0,3.0,,0.0
1935-02-22,56.0,-28.0,0.0,,
1935-02-23,100.0,-39.0,91.0,,
1935-02-24,144.0,-72.0,0.0,,
1935-02-25,239.0,-100.0,0.0,,
1935-02-26,194.0,-100.0,165.0,,25.0
1935-02-27,28.0,-144.0,8.0,,0.0
1935-02-28,17.0,-128.0,0.0,,
1935-03-01,122.0,-56.0,0.0,,0.0
1935-03-02,161.0,28.0,0.0,,0.0
1935-03-03,167.0,44.0,0.0,,0.0
1935-03-04,244.0,6.0,0.0,,0.0
1935-03-05,206.0,89.0,0.0,,0.0
1935-03-06,211.0,67.0,0.0,,0.0
1935-03-07,183.0,94.0,0.0,,0.0
1935-03-08,156.0,-17.0,8.0,,0.0
1935-03-09,133.0,-67.0,0.0,,0.0
1935-03-10,139.0,-39.0,107.0,,0.0
1935-03-11,156.0,100.0,330.0,,0.0
1935-03-12,172.0,0.0,267.0,,0.0
1935-03-13,167.0,-6.0,56.0,,0.0
1935-03-14,39.0,0.0,13.0,,0.0
1935-03-15,228.0,-39.0,0.0,,0.0
1935-03-16,267.0,89.0,0.0,,0.0
1935-03-17,261.0,39.0,8.0,,0.0
1935-03-18,122.0,-78.0,0.0,,0.0
1935-03-19,150.0,17.0,33.0,,0.0
1935-03-20,206.0,89.0,41.0,,0.0
1935-03-21,211.0,144.0,5.0,,0.0
1935-03-22,211.0,100.0,0.0,,0.0
1935-03-23,200.0,89.0,109.0,,0.0
1935-03-24,178.0,44.0,18.0,,0.0
1935-03-25,167.0,61.0,46.0,,0.0
1935-03-26,161.0,6.0,0.0,,0.0
1935-03-27,239.0,-6.0,0.0,,0.0
1935-03-28,239.0,39.0,81.0,,0.0
1935-03-29,156.0,-33.0,0.0,,0.0
1935-03-30,194.0,22.0,0.0,,0.0
1935-03-31,189.0,100.0,124.0,,0.0
1935-04-01,150.0,83.0,5.0,,0.0
1935-04-02,156.0,100.0,0.0,,0.0
1935-04-03,156.0,44.0,5.0,,0.0
1935-04-04,167.0,28.0,0.0,,0.0
1935-04-05,194.0,33.0,81.0,,0.0
1935-04-06,167.0,67.0,107.0,,0.0
1935-04-07,106.0,44.0,66.0,,0.0
1935-04-08,89.0,-22.0,97.0,,0.0
1935-04-09,128.0,22.0,5.0,,0.0
1935-04-10,111.0,39.0,0.0,,0.0
1935-04-11,167.0,11.0,13.0,,0.0
1935-04-12,122.0,72.0,97.0,,0.0
1935-04-13,111.0,39.0,74.0,,0.0
1935-04-14,144.0,28.0,30.0,,0.0
1935-04-15,144.0,6.0,0.0,,0.0
1935-04-16,67.0,-56.0,13.0,,51.0
1935-04-17,61.0,-11.0,0.0,,0.0
1935-04-18,156.0,-39.0,0.0,,0.0
1935-04-19,206.0,61.0,0.0,,0.0
1935-04-20,228.0,72.0,0.0,,0.0
1935-04-21,228.0,89.0,0.0,,0.0
1935-04-22,183.0,-6.0,0.0,,0.0
1935-04-23,183.0,-6.0,0.0,,0.0
1935-04-24,222.0,6.0,0.0,,0.0
1935-04-25,233.0,22.0,0.0,,0.0
1935-04-26,278.0,0.0,0.0,,0.0
1935-04-27,294.0,56.0,0.0,,0.0
1935-04-28,278.0,100.0,8.0,,0.0
1935-04-29,267.0,72.0,76.0,,0.0
1935-04-30,189.0,61.0,58.0,,0.0
1935-05-01,167.0,-6.0,8.0,,
1935-05-02,244.0,128.0,168.0,,
1935-05-03,200.0,139.0,211.0,,
1935-05-04,261.0,56.0,0.0,,
1935-05-05,189.0,83.0,170.0,,
1935-05-06,261.0,128.0,142.0,,
1935-05-07,261.0,56.0,8.0,,
1935-05-08,217.0,83.0,0.0,,
1935-05-09,289.0,67.0,0.0,,
1935-05-10,289.0,144.0,147.0,,
1935-05-11,233.0,39.0,0.0,,
1935-05-12,278.0,33.0,0.0,,
1935-05-13,256.0,128.0,107.0,,
1935-05-14,250.0,150.0,259.0,,
1935-05-15,200.0,100.0,0.0,,
1935-05-16,194.0,61.0,0.0,,
1935-05-17,178.0,72.0,8.0,,
1935-05-18,178.0,89.0,0.0,,
1935-05-19,200.0,100.0,0.0,,
1935-05-20,206.0,11.0,0.0,,
1935-05-21,211.0,100.0,381.0,,
1935-05-22,228.0,44.0,5.0,,
1935-05-23,200.0,100.0,25.0,,
1935-05-24,178.0,50.0,0.0,,
1935-05-25,211.0,33.0,0.0,,
1935-05-26,267.0,28.0,0.0,,
1935-05-27,278.0,50.0,0.0,,
1935-05-28,300.0,89.0,0.0,,
1935-05-29,300.0,133.0,0.0,,
1935-05-30,261.0,133.0,0.0,,
1935-05-31,261.0,100.0,0.0,,
1935-06-01,283.0,56.0,0.0,,
1935-06-02,306.0,83.0,0.0,,
1935-06-03,306.0,167.0,211.0,,
1935-06-04,256.0,178.0,160.0,,
1935-06-05,256.0,100.0,0.0,,
1935-06-06,239.0,83.0,23.0,,
1935-06-07,283.0,83.0,0.0,,
1935-06-08,283.0,128.0,335.0,,
1935-06-09,222.0,128.0,20.0,,
1935-06-10,239.0,72.0,5.0,,
1935-06-11,244.0,111.0,0.0,,
1935-06-12,267.0,117.0,0.0,,
1935-06-13,289.0,156.0,0.0,,
1935-06-14,306.0,167.0,0.0,,
1935-06-15,300.0,183.0,152.0,,
1935-06-16,306.0,200.0,38.0,,
1935-06-17,294.0,167.0,76.0,,
1935-06-18,328.0,206.0,175.0,,
1935-06-19,333.0,167.0,56.0,,
1935-06-20,278.0,122.0,51.0,,
1935-06-21,256.0,139.0,8.0,,
1935-06-22,244.0,161.0,165.0,,
1935-06-23,244.0,122.0,30.0,,
1935-06-24,244.0,111.0,13.0,,
1935-06-25,283.0,106.0,0.0,,
1935-06-26,311.0,106.0,0.0,,
1935-06-27,311.0,150.0,0.0,,
1935-06-28,306.0,156.0,0.0,,
1935-06-29,317.0,183.0,0.0,,
1935-06-30,322.0,161.0,160.0,,
1935-07-01,322.0,167.0,,,
1935-07-02,322.0,111.0,,,
1935-07-03,322.0,167.0,,,
1935-07-04,322.0,167.0,257.0,,
1935-07-05,289.0,200.0,,,
1935-07-06,317.0,194.0,,,
1935-07-07,317.0,194.0,,,
1935-07-08,317.0,167.0,,,
1935-07-09,289.0,167.0,,,
1935-07-10,300.0,172.0,262.0,,
1935-07-11,328.0,200.0,8.0,,
1935-07-12,333.0,189.0,25.0,,
1935-07-13,333.0,183.0,,,
1935-07-14,311.0,150.0,,,
1935-07-15,311.0,156.0,,,
1935-07-16,311.0,133.0,,,
1935-07-17,339.0,133.0,,,
1935-07-18,339.0,156.0,,,
1935-07-19,328.0,156.0,,,
1935-07-20,339.0,167.0,,,
1935-07-21,333.0,161.0,20.0,,
1935-07-22,322.0,178.0,,,
1935-07-23,317.0,206.0,,,
1935-07-24,306.0,,,,
1935-07-25,306.0,,,,
1935-07-26,278.0,211.0,,,
1935-07-27,300.0,167.0,,,
1935-07-28,306.0,150.0,,,
1935-07-29,283.0,167.0,,,
1935-07-30,306.0,117.0,10.0,,
1935-07-31,311.0,150.0,5.0,,
1935-08-01,328.0,200.0,0.0,,
1935-08-02,333.0,200.0,104.0,,
1935-08-03,333.0,200.0,91.0,,
1935-08-04,333.0,194.0,117.0,,
1935-08-05,333.0,161.0,0.0,,
1935-08-06,328.0,189.0,0.0,,
1935-08-07,244.0,183.0,792.0,,
1935-08-08,306.0,167.0,0.0,,
1935-08-09,306.0,178.0,183.0,,
1935-08-10,306.0,161.0,0.0,,
1935-08-11,306.0,167.0,203.0,,
1935-08-12,339.0,156.0,0.0,,
1935-08-13,333.0,189.0,0.0,,
1935-08-14,322.0,167.0,117.0,,
1935-08-15,322.0,167.0,0.0,,
1935-08-16,311.0,194.0,3.0,,
1935-08-17,306.0,194.0,0.0,,
1935-08-18,311.0,161.0,0.0,,
1935-08-19,322.0,150.0,0.0,,
1935-08-20,311.0,156.0,0.0,,
1935-08-21,322.0,139.0,0.0,,
1935-08-22,322.0,133.0,0.0,,
1935-08-23,267.0,122.0,0.0,,
1935-08-24,261.0,72.0,0.0,,
1935-08-25,289.0,61.0,0.0,,
1935-08-26,300.0,33.0,0.0,,
1935-08-27,289.0,89.0,198.0,,
1935-08-28,289.0,89.0,76.0,,
1935-08-29,256.0,56.0,0.0,,
1935-08-30,256.0,,0.0,,
1935-08-31,228.0,78.0,0.0,,
1935-09-01,233.0,67.0,0.0,,
1935-09-02,228.0,61.0,325.0,,
1935-09-03,211.0,156.0,107.0,,
1935-09-04,217.0,178.0,173.0,,
1935-09-05,233.0,167.0,56.0,,
1935-09-06,233.0,144.0,0.0,,
1935-09-07,250.0,117.0,0.0,,
1935-09-08,267.0,122.0,0.0,,
1935-09-09,267.0,117.0,71.0,,
1935-09-10,233.0,111.0,25.0,,
1935-09-11,250.0,61.0,0.0,,
1935-09-12,261.0,89.0,0.0,,
1935-09-13,261.0,100.0,0.0,,
1935-09-14,278.0,100.0,0.0,,
1935-09-15,278.0,122.0,0.0,,
1935-09-16,261.0,72.0,0.0,,
1935-09-17,294.0,72.0,0.0,,
1935-09-18,300.0,122.0,0.0,,
1935-09-19,294.0,150.0,0.0,,
1935-09-20,294.0,144.0,127.0,,
1935-09-21,306.0,139.0,0.0,,
1935-09-22,289.0,144.0,94.0,,
1935-09-23,244.0,61.0,0.0,,
1935-09-24,278.0,44.0,0.0,,
1935-09-25,300.0,33.0,0.0,,
1935-09-26,300.0,72.0,0.0,,
1935-09-27,239.0,72.0,0.0,,
1935-09-28,239.0,61.0,25.0,,
1935-09-29,178.0,56.0,0.0,,
1935-09-30,183.0,-11.0,0.0,,
1935-10-01,156.0,-17.0,0.0,,
1935-10-02,167.0,-17.0,0.0,,
1935-10-03,167.0,17.0,102.0,,
1935-10-04,167.0,-17.0,0.0,,
1935-10-05,133.0,-28.0,0.0,,
1935-10-06,122.0,-22.0,0.0,,
1935-10-07,117.0,-44.0,0.0,,
1935-10-08,183.0,-22.0,0.0,,
1935-10-09,228.0,-17.0,0.0,,
1935-10-10,222.0,0.0,0.0,,
1935-10-11,233.0,-11.0,0.0,,
1935-10-12,233.0,-22.0,224.0,,
1935-10-13,278.0,44.0,0.0,,
1935-10-14,272.0,72.0,0.0,,
1935-10-15,278.0,67.0,25.0,,
1935-10-16,278.0,17.0,0.0,,
1935-10-17,261.0,17.0,0.0,,
1935-10-18,256.0,72.0,0.0,,
1935-10-19,239.0,117.0,0.0,,
1935-10-20,228.0,100.0,5.0,,
1935-10-21,239.0,72.0,0.0,,
1935-10-22,272.0,78.0,178.0,,
1935-10-23,267.0,106.0,86.0,,
1935-10-24,128.0,0.0,15.0,,
1935-10-25,156.0,-28.0,0.0,,
1935-10-26,156.0,-17.0,0.0,,
1935-10-27,222.0,11.0,0.0,,
1935-10-28,261.0,17.0,0.0,,
1935-10-29,256.0,72.0,145.0,,
1935-10-30,256.0,83.0,30.0,,
1935-10-31,272.0,28.0,0.0,,
1935-11-01,244.0,28.0,0.0,,
1935-11-02,233.0,94.0,0.0,,
1935-11-03,233.0,67.0,0.0,,
1935-11-04,261.0,44.0,0.0,,
1935-11-05,256.0,117.0,0.0,,
1935-11-06,178.0,33.0,51.0,,
1935-11-07,117.0,6.0,71.0,,
1935-11-08,150.0,28.0,41.0,,
1935-11-09,206.0,-11.0,0.0,,
1935-11-10,194.0,56.0,0.0,,
1935-11-11,228.0,122.0,76.0,,
1935-11-12,222.0,144.0,150.0,,
1935-11-13,172.0,89.0,142.0,,
1935-11-14,89.0,56.0,10.0,,
1935-11-15,72.0,33.0,5.0,,
1935-11-16,83.0,22.0,8.0,,
1935-11-17,89.0,44.0,8.0,,
1935-11-18,72.0,39.0,5.0,,
1935-11-19,161.0,-17.0,0.0,,
1935-11-20,139.0,33.0,41.0,,
1935-11-21,139.0,-56.0,0.0,,
1935-11-22,133.0,-6.0,38.0,,
1935-11-23,0.0,-56.0,5.0,,
1935-11-24,17.0,-100.0,0.0,,
1935-11-25,44.0,-100.0,0.0,,
1935-11-26,128.0,-6.0,0.0,,
1935-11-27,194.0,-44.0,0.0,,
1935-11-28,172.0,67.0,46.0,,
1935-11-29,72.0,0.0,3.0,,
1935-11-30,0.0,-33.0,5.0,,
1935-12-01,11.0,-11.0,25.0,,
1935-12-02,11.0,-22.0,5.0,,
1935-12-03,11.0,-44.0,0.0,,
1935-12-04,6.0,-61.0,3.0,,
1935-12-05,44.0,-94.0,0.0,,
1935-12-06,61.0,-83.0,0.0,,
1935-12-07,128.0,-56.0,0.0,,
1935-12-08,117.0,44.0,173.0,,
1935-12-09,139.0,28.0,74.0,,
1935-12-10,117.0,-17.0,0.0,,
1935-12-11,78.0,-22.0,56.0,,
1935-12-12,61.0,-44.0,0.0,,
1935-12-13,61.0,6.0,224.0,,
1935-12-14,61.0,33.0,58.0,,
1935-12-15,106.0,11.0,33.0,,
1935-12-16,83.0,0.0,25.0,,
1935-12-17,94.0,-11.0,20.0,,
1935-12-18,50.0,-44.0,15.0,,
1935-12-19,44.0,11.0,0.0,,
1935-12-20,0.0,-94.0,58.0,152.0,
1935-12-21,-94.0,-144.0,0.0,102.0,
1935-12-22,-67.0,-228.0,15.0,,
1935-12-23,6.0,-117.0,13.0,102.0,
1935-12-24,11.0,-50.0,36.0,152.0,
1935-12-25,-33.0,-206.0,20.0,152.0,
1935-12-26,-33.0,-183.0,15.0,178.0,
1935-12-27,-72.0,-167.0,8.0,,
1935-12-28,-22.0,-117.0,0.0,178.0,
1935-12-29,-33.0,-117.0,76.0,279.0,102.0
1935-12-30,-33.0,-78.0,3.0,279.0,
1935-12-31,-17.0,-228.0,0.0,279.0,
1936-01-01,61.0,-78.0,0.0,,0.0
1936-01-02,67.0,-44.0,86.0,,0.0
1936-01-03,56.0,17.0,122.0,,0.0
1936-01-04,56.0,-11.0,18.0,,0.0
1936-01-05,56.0,0.0,58.0,,0.0
1936-01-06,50.0,-22.0,152.0,,0.0
1936-01-07,61.0,22.0,0.0,,0.0
1936-01-08,72.0,0.0,5.0,,0.0
1936-01-09,78.0,67.0,178.0,,0.0
1936-01-10,67.0,-6.0,0.0,,0.0
1936-01-11,56.0,-11.0,18.0,,0.0
1936-01-12,89.0,22.0,8.0,,0.0
1936-01-13,83.0,-11.0,5.0,,0.0
1936-01-14,156.0,-83.0,0.0,,0.0
1936-01-15,150.0,-39.0,38.0,,0.0
1936-01-16,61.0,-6.0,0.0,,0.0
1936-01-17,56.0,-11.0,25.0,,0.0
1936-01-18,72.0,-11.0,10.0,,0.0
1936-01-19,61.0,-17.0,259.0,,191.0
1936-01-20,-11.0,-100.0,10.0,,0.0
1936-01-21,-78.0,-206.0,0.0,,0.0
1936-01-22,-22.0,-44.0,18.0,,0.0
1936-01-23,-44.0,-250.0,10.0,,0.0
1936-01-24,-100.0,-289.0,0.0,,0.0
1936-01-25,-111.0,-233.0,0.0,,0.0
1936-01-26,-106.0,-222.0,0.0,,0.0
1936-01-27,-111.0,-211.0,13.0,,0.0
1936-01-28,-94.0,-156.0,15.0,,0.0
1936-01-29,-28.0,-122.0,0.0,,0.0
1936-01-30,-22.0,-67.0,10.0,,0.0
1936-01-31,-33.0,-189.0,5.0,,0.0
1936-02-01,-39.0,-267.0,0.0,,0.0
1936-02-02,0.0,-83.0,0.0,,0.0
1936-02-03,11.0,-22.0,0.0,,0.0
1936-02-04,22.0,6.0,0.0,,0.0
1936-02-05,11.0,-94.0,0.0,,0.0
1936-02-06,22.0,-178.0,0.0,,0.0
1936-02-07,-11.0,-89.0,84.0,,127.0
1936-02-08,83.0,-250.0,0.0,,0.0
1936-02-09,72.0,-56.0,0.0,,0.0
1936-02-10,-11.0,-139.0,0.0,,0.0
1936-02-11,-11.0,-144.0,0.0,,0.0
1936-02-12,11.0,-211.0,0.0,,0.0
1936-02-13,56.0,-39.0,86.0,,0.0
1936-02-14,72.0,-11.0,127.0,,0.0
1936-02-15,72.0,-33.0,91.0,,0.0
1936-02-16,106.0,-78.0,0.0,,0.0
1936-02-17,72.0,33.0,71.0,,0.0
1936-02-18,44.0,-144.0,104.0,,76.0
1936-02-19,-67.0,-239.0,0.0,,0.0
1936-02-20,17.0,-217.0,0.0,,0.0
1936-02-21,6.0,-150.0,0.0,,0.0
1936-02-22,11.0,-94.0,0.0,,0.0
1936-02-23,94.0,-133.0,0.0,,0.0
1936-02-24,78.0,-56.0,0.0,,0.0
1936-02-25,200.0,,0.0,,0.0
1936-02-26,222.0,61.0,0.0,,0.0
1936-02-27,222.0,83.0,8.0,,0.0
1936-02-28,100.0,-44.0,0.0,,0.0
1936-02-29,144.0,-33.0,0.0,,0.0
1936-03-01,100.0,-67.0,0.0,,0.0
1936-03-02,156.0,-33.0,71.0,,0.0
1936-03-03,156.0,-11.0,18.0,,0.0
1936-03-04,256.0,-61.0,0.0,,0.0
1936-03-05,222.0,-39.0,0.0,,0.0
1936-03-06,172.0,-94.0,0.0,,0.0
1936-03-07,211.0,-39.0,0.0,,0.0
1936-03-08,144.0,-67.0,0.0,,0.0
1936-03-09,183.0,44.0,0.0,,0.0
1936-03-10,267.0,17.0,53.0,,0.0
1936-03-11,239.0,17.0,74.0,,0.0
1936-03-12,222.0,33.0,36.0,,0.0
1936-03-13,172.0,-67.0,38.0,,127.0
1936-03-14,183.0,-78.0,0.0,,0.0
1936-03-15,178.0,-67.0,0.0,,0.0
1936-03-16,200.0,-22.0,147.0,,0.0
1936-03-17,111.0,-11.0,399.0,,305.0
1936-03-18,100.0,-39.0,119.0,,152.0
1936-03-19,44.0,-11.0,107.0,,0.0
1936-03-20,61.0,-111.0,0.0,,0.0
1936-03-21,111.0,-39.0,221.0,,0.0
1936-03-22,144.0,-33.0,0.0,,0.0
1936-03-23,167.0,-39.0,0.0,,0.0
1936-03-24,211.0,17.0,168.0,,0.0
1936-03-25,189.0,17.0,0.0,,0.0
1936-03-26,200.0,-11.0,0.0,,0.0
1936-03-27,211.0,72.0,89.0,,0.0
1936-03-28,200.0,11.0,0.0,,0.0
1936-03-29,211.0,17.0,0.0,,0.0
1936-03-30,250.0,-11.0,0.0,,0.0
1936-03-31,239.0,17.0,0.0,,0.0
1936-04-01,194.0,11.0,43.0,,0.0
1936-04-02,172.0,44.0,140.0,,0.0
1936-04-03,72.0,-39.0,165.0,,0.0
1936-04-04,72.0,-67.0,18.0,,0.0
1936-04-05,128.0,-78.0,46.0,,0.0
1936-04-06,161.0,72.0,373.0,,0.0
1936-04-07,172.0,11.0,0.0,,0.0
1936-04-08,139.0,-94.0,0.0,,0.0
1936-04-09,156.0,-11.0,86.0,,0.0
1936-04-10,178.0,72.0,0.0,,0.0
1936-04-11,200.0,44.0,41.0,,0.0
1936-04-12,156.0,11.0,46.0,,0.0
1936-04-13,189.0,-39.0,0.0,,0.0
1936-04-14,228.0,-33.0,0.0,,0.0
1936-04-15,272.0,67.0,0.0,,0.0
1936-04-16,267.0,17.0,10.0,,0.0
1936-04-17,200.0,-11.0,0.0,,0.0
1936-04-18,211.0,-22.0,0.0,,0.0
1936-04-19,67.0,-44.0,0.0,,0.0
1936-04-20,244.0,44.0,0.0,,0.0
1936-04-21,222.0,39.0,0.0,,0.0
1936-04-22,122.0,-28.0,102.0,,0.0
1936-04-23,167.0,-39.0,0.0,,0.0
1936-04-24,156.0,-50.0,0.0,,0.0
1936-04-25,256.0,-22.0,0.0,,0.0
1936-04-26,244.0,78.0,46.0,,0.0
1936-04-27,244.0,11.0,0.0,,0.0
1936-04-28,267.0,33.0,0.0,,0.0
1936-04-29,267.0,67.0,0.0,,0.0
1936-04-30,267.0,67.0,0.0,,0.0
1936-05-01,272.0,61.0,0.0,,
1936-05-02,278.0,78.0,0.0,,
1936-05-03,256.0,89.0,23.0,,
1936-05-04,167.0,-11.0,0.0,,
1936-05-05,200.0,-11.0,0.0,,
1936-05-06,244.0,0.0,0.0,,
1936-05-07,289.0,28.0,0.0,,
1936-05-08,300.0,56.0,0.0,,
1936-05-09,306.0,61.0,0.0,,
1936-05-10,322.0,78.0,0.0,,
1936-05-11,344.0,17.0,0.0,,
1936-05-12,339.0,17.0,0.0,,
1936-05-13,294.0,117.0,91.0,,
1936-05-14,256.0,11.0,79.0,,
1936-05-15,217.0,-11.0,0.0,,
1936-05-16,267.0,17.0,0.0,,
1936-05-17,311.0,56.0,0.0,,
1936-05-18,300.0,33.0,23.0,,
1936-05-19,267.0,33.0,137.0,,
1936-05-20,250.0,33.0,0.0,,
1936-05-21,256.0,39.0,0.0,,
1936-05-22,294.0,44.0,0.0,,
1936-05-23,294.0,72.0,0.0,,
1936-05-24,306.0,67.0,0.0,,
1936-05-25,283.0,72.0,0.0,,
1936-05-26,228.0,28.0,69.0,,
1936-05-27,272.0,128.0,13.0,,
1936-05-28,250.0,61.0,0.0,,
1936-05-29,189.0,6.0,0.0,,
1936-05-30,189.0,17.0,0.0,,
1936-05-31,239.0,39.0,0.0,,
1936-06-01,289.0,11.0,0.0,,
1936-06-02,322.0,0.0,0.0,,
1936-06-03,328.0,22.0,0.0,,
1936-06-04,333.0,17.0,0.0,,
1936-06-05,283.0,11.0,0.0,,
1936-06-06,311.0,83.0,0.0,,
1936-06-07,317.0,172.0,175.0,,
1936-06-08,283.0,78.0,0.0,,
1936-06-09,317.0,33.0,0.0,,
1936-06-10,322.0,50.0,0.0,,
1936-06-11,294.0,61.0,193.0,,
1936-06-12,228.0,61.0,0.0,,
1936-06-13,250.0,139.0,0.0,,
1936-06-14,289.0,94.0,0.0,,
1936-06-15,306.0,6.0,0.0,,
1936-06-16,311.0,78.0,0.0,,
1936-06-17,361.0,117.0,0.0,,
1936-06-18,350.0,183.0,0.0,,
1936-06-19,311.0,150.0,0.0,,
1936-06-20,356.0,156.0,0.0,,
1936-06-21,344.0,156.0,0.0,,
1936-06-22,333.0,111.0,0.0,,
1936-06-23,256.0,133.0,86.0,,
1936-06-24,183.0,139.0,0.0,,
1936-06-25,278.0,94.0,0.0,,
1936-06-26,328.0,133.0,0.0,,
1936-06-27,333.0,150.0,0.0,,
1936-06-28,328.0,172.0,28.0,,
1936-06-29,328.0,161.0,0.0,,
1936-06-30,350.0,111.0,533.0,,
1936-07-01,228.0,194.0,175.0,,
1936-07-02,267.0,194.0,23.0,,
1936-07-03,272.0,167.0,0.0,,
1936-07-04,294.0,156.0,0.0,,
1936-07-05,283.0,172.0,503.0,,
1936-07-06,306.0,194.0,0.0,,
1936-07-07,311.0,167.0,0.0,,
1936-07-08,333.0,122.0,0.0,,
1936-07-09,361.0,167.0,0.0,,
1936-07-10,372.0,194.0,0.0,,
1936-07-11,367.0,217.0,0.0,,
1936-07-12,367.0,217.0,0.0,,
1936-07-13,333.0,206.0,48.0,,
1936-07-14,372.0,178.0,0.0,,
1936-07-15,378.0,217.0,10.0,,
1936-07-16,339.0,194.0,0.0,,
1936-07-17,333.0,161.0,0.0,,
1936-07-18,333.0,156.0,0.0,,
1936-07-19,311.0,178.0,0.0,,
1936-07-20,311.0,156.0,20.0,,
1936-07-21,289.0,156.0,0.0,,
1936-07-22,311.0,128.0,0.0,,
1936-07-23,322.0,117.0,5.0,,
1936-07-24,328.0,183.0,145.0,,
1936-07-25,311.0,144.0,0.0,,
1936-07-26,294.0,211.0,147.0,,
1936-07-27,361.0,189.0,145.0,,
1936-07-28,350.0,183.0,229.0,,
1936-07-29,317.0,211.0,81.0,,
1936-07-30,278.0,111.0,0.0,,
1936-07-31,256.0,89.0,0.0,,
1936-08-01,294.0,100.0,0.0,,
1936-08-02,311.0,128.0,0.0,,
1936-08-03,311.0,183.0,3.0,,
1936-08-04,339.0,200.0,0.0,,
1936-08-05,333.0,200.0,0.0,,
1936-08-06,222.0,167.0,137.0,,
1936-08-07,294.0,200.0,5.0,,
1936-08-08,311.0,111.0,0.0,,
1936-08-09,322.0,167.0,0.0,,
1936-08-10,317.0,172.0,3.0,,
1936-08-11,311.0,172.0,175.0,,
1936-08-12,311.0,161.0,3.0,,
1936-08-13,339.0,161.0,89.0,,
1936-08-14,311.0,156.0,0.0,,
1936-08-15,333.0,128.0,0.0,,
1936-08-16,322.0,144.0,89.0,,
1936-08-17,306.0,111.0,0.0,,
1936-08-18,306.0,133.0,0.0,,
1936-08-19,300.0,128.0,599.0,,
1936-08-20,322.0,144.0,36.0,,
1936-08-21,356.0,133.0,0.0,,
1936-08-22,356.0,156.0,0.0,,
1936-08-23,356.0,144.0,0.0,,
1936-08-24,344.0,161.0,0.0,,
1936-08-25,333.0,139.0,0.0,,
1936-08-26,306.0,100.0,76.0,,
1936-08-27,311.0,178.0,0.0,,
1936-08-28,317.0,189.0,0.0,,
1936-08-29,306.0,156.0,130.0,,
1936-08-30,256.0,67.0,0.0,,
1936-08-31,239.0,67.0,168.0,,
1936-09-01,267.0,78.0,0.0,,
1936-09-02,278.0,67.0,38.0,,
1936-09-03,267.0,78.0,0.0,,
1936-09-04,256.0,89.0,0.0,,
1936-09-05,294.0,128.0,0.0,,
1936-09-06,311.0,211.0,0.0,,
1936-09-07,300.0,78.0,0.0,,
1936-09-08,311.0,83.0,0.0,,
1936-09-09,306.0,100.0,249.0,,
1936-09-10,306.0,133.0,0.0,,
1936-09-11,317.0,56.0,0.0,,
1936-09-12,328.0,139.0,0.0,,
1936-09-13,339.0,139.0,0.0,,
1936-09-14,333.0,111.0,30.0,,
1936-09-15,339.0,89.0,0.0,,
1936-09-16,333.0,100.0,0.0,,
1936-09-17,306.0,94.0,0.0,,
1936-09-18,294.0,22.0,0.0,,
1936-09-19,283.0,111.0,0.0,,
1936-09-20,272.0,100.0,0.0,,
1936-09-21,306.0,33.0,0.0,,
1936-09-22,322.0,61.0,0.0,,
1936-09-23,328.0,72.0,0.0,,
1936-09-24,317.0,89.0,86.0,,
1936-09-25,306.0,0.0,0.0,,
1936-09-26,306.0,39.0,0.0,,
1936-09-27,306.0,61.0,0.0,,
1936-09-28,278.0,89.0,3.0,,
1936-09-29,272.0,50.0,0.0,,
1936-09-30,250.0,56.0,38.0,,
1936-10-01,206.0,89.0,66.0,,
1936-10-02,206.0,11.0,0.0,,
1936-10-03,172.0,67.0,0.0,,
1936-10-04,244.0,22.0,0.0,,
1936-10-05,244.0,22.0,0.0,,
1936-10-06,261.0,39.0,0.0,,
1936-10-07,261.0,89.0,127.0,,
1936-10-08,267.0,89.0,15.0,,
1936-10-09,278.0,178.0,0.0,,
1936-10-10,272.0,161.0,137.0,,
1936-10-11,222.0,56.0,0.0,,
1936-10-12,183.0,50.0,0.0,,
1936-10-13,278.0,,0.0,,
1936-10-14,,,0.0,,
1936-10-15,,,0.0,,
1936-10-16,,,91.0,,
1936-10-17,,,152.0,,
1936-10-18,,,28.0,,
1936-10-19,,,0.0,,
1936-10-20,,,0.0,,
1936-10-21,,,0.0,,
1936-10-22,,,0.0,,
1936-10-23,,,0.0,,
1936-10-24,,,25.0,,
1936-10-25,,,165.0,,
1936-10-26,,,0.0,,
1936-10-27,,,0.0,,
1936-10-28,,,0.0,,
1936-10-29,,,0.0,,
1936-10-30,,,0.0,,
1936-10-31,,,0.0,,
1936-11-01,,,114.0,,0.0
1936-11-02,,,0.0,,0.0
1936-11-03,,,0.0,,0.0
1936-11-04,,,445.0,,0.0
1936-11-05,,,114.0,,0.0
1936-11-06,,,0.0,,0.0
1936-11-07,,,0.0,,0.0
1936-11-08,,,94.0,,0.0
1936-11-09,,,0.0,,0.0
1936-11-10,,,0.0,,0.0
1936-11-11,,,0.0,,0.0
1936-11-12,,,0.0,,0.0
1936-11-13,,,0.0,,0.0
1936-11-14,,,0.0,,0.0
1936-11-15,,,0.0,,0.0
1936-11-16,256.0,-44.0,0.0,,0.0
1936-11-17,211.0,-67.0,0.0,,0.0
1936-11-18,239.0,-33.0,0.0,,0.0
1936-11-19,44.0,-78.0,0.0,,0.0
1936-11-20,156.0,-56.0,0.0,,0.0
1936-11-21,,11.0,0.0,,0.0
1936-11-22,117.0,-17.0,0.0,,0.0
1936-11-23,139.0,-67.0,0.0,,0.0
1936-11-24,100.0,-56.0,13.0,,0.0
1936-11-25,78.0,-78.0,0.0,,0.0
1936-11-26,78.0,-50.0,5.0,,0.0
1936-11-27,-22.0,-67.0,0.0,,0.0
1936-11-28,56.0,-72.0,0.0,,0.0
1936-11-29,67.0,-22.0,0.0,,0.0
1936-11-30,50.0,-78.0,0.0,,0.0
1936-12-01,78.0,-111.0,0.0,,0.0
1936-12-02,83.0,6.0,145.0,,0.0
1936-12-03,72.0,11.0,0.0,,0.0
1936-12-04,78.0,28.0,0.0,,0.0
1936-12-05,89.0,-94.0,0.0,,0.0
1936-12-06,128.0,-11.0,160.0,,0.0
1936-12-07,122.0,-28.0,201.0,,0.0
1936-12-08,78.0,-89.0,0.0,,0.0
1936-12-09,139.0,-78.0,0.0,,0.0
1936-12-10,128.0,-39.0,0.0,,0.0
1936-12-11,94.0,-50.0,0.0,,0.0
1936-12-12,128.0,-11.0,155.0,,0.0
1936-12-13,67.0,-33.0,0.0,,0.0
1936-12-14,100.0,-89.0,0.0,,0.0
1936-12-15,78.0,-67.0,0.0,,0.0
1936-12-16,94.0,-72.0,25.0,,0.0
1936-12-17,100.0,17.0,0.0,,0.0
1936-12-18,72.0,-22.0,0.0,,0.0
1936-12-19,89.0,11.0,53.0,,0.0
1936-12-20,78.0,-22.0,251.0,,25.0
1936-12-21,50.0,-61.0,0.0,,0.0
1936-12-22,67.0,-83.0,0.0,,0.0
1936-12-23,161.0,-117.0,0.0,,0.0
1936-12-24,167.0,-83.0,0.0,,0.0
1936-12-25,211.0,-67.0,0.0,,0.0
1936-12-26,172.0,-56.0,0.0,,0.0
1936-12-27,183.0,28.0,0.0,,0.0
1936-12-28,183.0,72.0,28.0,,0.0
1936-12-29,194.0,22.0,0.0,,0.0
1936-12-30,211.0,83.0,0.0,,0.0
1936-12-31,211.0,106.0,152.0,,0.0
1937-01-01,128.0,-72.0,0.0,,
1937-01-02,139.0,22.0,211.0,,
1937-01-03,150.0,44.0,0.0,,
1937-01-04,133.0,-56.0,0.0,,
1937-01-05,89.0,-94.0,0.0,,
1937-01-06,139.0,-56.0,0.0,,
1937-01-07,211.0,61.0,160.0,,
1937-01-08,233.0,-17.0,0.0,,
1937-01-09,228.0,28.0,0.0,,
1937-01-10,200.0,22.0,211.0,,
1937-01-11,194.0,28.0,0.0,,
1937-01-12,139.0,28.0,0.0,,
1937-01-13,178.0,-28.0,0.0,,
1937-01-14,211.0,133.0,0.0,,
1937-01-15,211.0,72.0,224.0,,
1937-01-16,172.0,-11.0,0.0,,
1937-01-17,144.0,-33.0,124.0,,
1937-01-18,139.0,83.0,213.0,,
1937-01-19,128.0,11.0,36.0,,
1937-01-20,117.0,17.0,155.0,,
1937-01-21,167.0,89.0,56.0,,
1937-01-22,183.0,67.0,163.0,,
1937-01-23,94.0,-17.0,257.0,,
1937-01-24,206.0,,290.0,,
1937-01-25,161.0,72.0,165.0,,
1937-01-26,78.0,17.0,0.0,,
1937-01-27,56.0,-56.0,0.0,,
1937-01-28,,-67.0,0.0,,
1937-01-29,,22.0,61.0,,
1937-01-30,,-28.0,0.0,,
1937-01-31,,22.0,0.0,,
1937-02-01,,-17.0,0.0,,0.0
1937-02-02,,-78.0,0.0,,0.0
1937-02-03,,-100.0,0.0,,0.0
1937-02-04,,-83.0,127.0,,0.0
1937-02-05,,-83.0,30.0,,0.0
1937-02-06,,-122.0,0.0,,0.0
1937-02-07,,-39.0,0.0,,0.0
1937-02-08,,33.0,483.0,,0.0
1937-02-09,,17.0,251.0,,0.0
1937-02-10,,-50.0,5.0,,0.0
1937-02-11,,-94.0,0.0,,0.0
1937-02-12,,-44.0,0.0,,0.0
1937-02-13,,-56.0,0.0,,0.0
1937-02-14,,-122.0,43.0,,0.0
1937-02-15,,,76.0,,0.0
1937-02-16,,-6.0,84.0,25.0,25.0
1937-02-17,,-44.0,0.0,,0.0
1937-02-18,,-44.0,25.0,,0.0
1937-02-19,,22.0,0.0,,0.0
1937-02-20,,-6.0,48.0,,0.0
1937-02-21,,56.0,0.0,,0.0
1937-02-22,,-33.0,0.0,,0.0
1937-02-23,,-33.0,46.0,,0.0
1937-02-24,,-22.0,0.0,,0.0
1937-02-25,,-100.0,127.0,,0.0
1937-02-26,,-122.0,0.0,,0.0
1937-02-27,,-44.0,0.0,,0.0
1937-02-28,,-61.0,0.0,,0.0
1937-03-01,,-117.0,0.0,,0.0
1937-03-02,,-17.0,0.0,,0.0
1937-03-03,,-56.0,0.0,,0.0
1937-03-04,,89.0,0.0,,0.0
1937-03-05,,28.0,91.0,,0.0
1937-03-06,,22.0,0.0,,0.0
1937-03-07,,-11.0,0.0,,0.0
1937-03-08,,50.0,0.0,,0.0
1937-03-09,,-33.0,15.0,,25.0
1937-03-10,,-83.0,13.0,,13.0
1937-03-11,,-56.0,30.0,,25.0
1937-03-12,,-56.0,0.0,,0.0
1937-03-13,,-11.0,30.0,,0.0
1937-03-14,,-17.0,218.0,,229.0
1937-03-15,,-33.0,33.0,,0.0
1937-03-16,,-22.0,0.0,,0.0
1937-03-17,,-22.0,0.0,,0.0
1937-03-18,,-33.0,203.0,,0.0
1937-03-19,,-28.0,0.0,,0.0
1937-03-20,,22.0,127.0,,0.0
1937-03-21,,33.0,0.0,,0.0
1937-03-22,,-22.0,0.0,,0.0
1937-03-23,,-17.0,0.0,,0.0
1937-03-24,,6.0,0.0,,0.0
1937-03-25,,61.0,124.0,,0.0
1937-03-26,,-44.0,0.0,,0.0
1937-03-27,,-94.0,0.0,,0.0
1937-03-28,,-50.0,0.0,,0.0
1937-03-29,,-78.0,0.0,,0.0
1937-03-30,,-39.0,0.0,,0.0
1937-03-31,,-33.0,0.0,,0.0
1937-04-01,,144.0,0.0,,
1937-04-02,,50.0,10.0,,
1937-04-03,,-22.0,0.0,,
1937-04-04,,17.0,0.0,,
1937-04-05,,106.0,0.0,,
1937-04-06,,61.0,41.0,,
1937-04-07,,33.0,0.0,,
1937-04-08,,6.0,0.0,,
1937-04-09,,28.0,86.0,,
1937-04-10,,-17.0,8.0,,
1937-04-11,,-22.0,0.0,,
1937-04-12,,-61.0,0.0,,
1937-04-13,,-33.0,0.0,,
1937-04-14,,111.0,51.0,,
1937-04-15,,100.0,137.0,,
1937-04-16,,17.0,0.0,,
1937-04-17,,-39.0,0.0,,
1937-04-18,,72.0,0.0,,
1937-04-19,,-11.0,30.0,,
1937-04-20,,11.0,0.0,,
1937-04-21,,100.0,61.0,,
1937-04-22,,106.0,160.0,,
1937-04-23,,17.0,0.0,,
1937-04-24,,72.0,0.0,,
1937-04-25,,72.0,259.0,,
1937-04-26,,50.0,147.0,,
1937-04-27,,33.0,46.0,,
1937-04-28,228.0,22.0,0.0,,
1937-04-29,306.0,39.0,0.0,,
1937-04-30,294.0,0.0,0.0,,
1937-05-01,294.0,6.0,0.0,,
1937-05-02,272.0,11.0,0.0,,
1937-05-03,272.0,44.0,0.0,,
1937-05-04,267.0,67.0,0.0,,
1937-05-05,250.0,67.0,15.0,,
1937-05-06,161.0,150.0,226.0,,
1937-05-07,200.0,-6.0,0.0,,
1937-05-08,200.0,39.0,18.0,,
1937-05-09,239.0,56.0,0.0,,
1937-05-10,233.0,67.0,51.0,,
1937-05-11,239.0,6.0,0.0,,
1937-05-12,300.0,50.0,0.0,,
1937-05-13,272.0,161.0,41.0,,
1937-05-14,272.0,111.0,38.0,,
1937-05-15,256.0,50.0,112.0,,
1937-05-16,244.0,61.0,0.0,,
1937-05-17,233.0,50.0,51.0,,
1937-05-18,228.0,17.0,51.0,,
1937-05-19,200.0,72.0,71.0,,
1937-05-20,206.0,0.0,0.0,,
1937-05-21,289.0,50.0,0.0,,
1937-05-22,311.0,128.0,0.0,,
1937-05-23,294.0,144.0,76.0,,
1937-05-24,278.0,83.0,5.0,,
1937-05-25,294.0,72.0,0.0,,
1937-05-26,306.0,111.0,0.0,,
1937-05-27,300.0,156.0,226.0,,
1937-05-28,300.0,122.0,79.0,,
1937-05-29,294.0,150.0,0.0,,
1937-05-30,306.0,,0.0,,
1937-05-31,322.0,106.0,0.0,,
1937-06-01,328.0,150.0,0.0,,
1937-06-02,322.0,144.0,0.0,,
1937-06-03,322.0,172.0,10.0,,
1937-06-04,311.0,178.0,53.0,,
1937-06-05,317.0,144.0,76.0,,
1937-06-06,322.0,178.0,91.0,,
1937-06-07,317.0,167.0,53.0,,
1937-06-08,300.0,111.0,0.0,,
1937-06-09,306.0,100.0,30.0,,
1937-06-10,289.0,172.0,51.0,,
1937-06-11,250.0,139.0,74.0,,
1937-06-12,261.0,111.0,0.0,,
1937-06-13,294.0,100.0,0.0,,
1937-06-14,322.0,144.0,0.0,,
1937-06-15,322.0,156.0,102.0,,
1937-06-16,339.0,144.0,0.0,,
1937-06-17,339.0,183.0,0.0,,
1937-06-18,289.0,161.0,208.0,,
1937-06-19,283.0,156.0,0.0,,
1937-06-20,294.0,144.0,0.0,,
1937-06-21,289.0,111.0,0.0,,
1937-06-22,294.0,128.0,500.0,,
1937-06-23,289.0,89.0,0.0,,
1937-06-24,283.0,111.0,0.0,,
1937-06-25,300.0,133.0,0.0,,
1937-06-26,306.0,161.0,0.0,,
1937-06-27,306.0,178.0,0.0,,
1937-06-28,300.0,183.0,13.0,,
1937-06-29,278.0,139.0,0.0,,
1937-06-30,278.0,128.0,51.0,,
1937-07-01,272.0,78.0,15.0,,
1937-07-02,272.0,78.0,30.0,,
1937-07-03,289.0,139.0,0.0,,
1937-07-04,289.0,128.0,5.0,,
1937-07-05,278.0,178.0,13.0,,
1937-07-06,300.0,178.0,8.0,,
1937-07-07,328.0,161.0,0.0,,
1937-07-08,328.0,172.0,0.0,,
1937-07-09,333.0,189.0,0.0,,
1937-07-10,339.0,183.0,0.0,,
1937-07-11,328.0,189.0,30.0,,
1937-07-12,322.0,261.0,3.0,,
1937-07-13,317.0,222.0,0.0,,
1937-07-14,311.0,61.0,188.0,,
1937-07-15,328.0,67.0,71.0,,
1937-07-16,328.0,94.0,140.0,,
1937-07-17,311.0,139.0,99.0,,
1937-07-18,306.0,117.0,150.0,,
1937-07-19,300.0,122.0,25.0,,
1937-07-20,289.0,133.0,15.0,,
1937-07-21,306.0,117.0,0.0,,
1937-07-22,294.0,,0.0,,
1937-07-23,306.0,,0.0,,
1937-07-24,322.0,,0.0,,
1937-07-25,328.0,,0.0,,
1937-07-26,328.0,,165.0,,
1937-07-27,317.0,,0.0,,
1937-07-28,289.0,,0.0,,
1937-07-29,294.0,,5.0,,
1937-07-30,311.0,,0.0,,
1937-07-31,311.0,,18.0,,
1937-08-01,300.0,,5.0,,
1937-08-02,300.0,,0.0,,
1937-08-03,322.0,,0.0,,
1937-08-04,333.0,,0.0,,
1937-08-05,344.0,,0.0,,
1937-08-06,344.0,194.0,0.0,,
1937-08-07,328.0,172.0,107.0,,
1937-08-08,317.0,167.0,43.0,,
1937-08-09,306.0,189.0,140.0,,
1937-08-10,306.0,178.0,41.0,,
1937-08-11,322.0,189.0,0.0,,
1937-08-12,289.0,183.0,5.0,,
1937-08-13,283.0,183.0,0.0,,
1937-08-14,306.0,106.0,0.0,,
1937-08-15,317.0,128.0,0.0,,
1937-08-16,328.0,128.0,0.0,,
1937-08-17,350.0,139.0,0.0,,
1937-08-18,350.0,189.0,0.0,,
1937-08-19,344.0,189.0,0.0,,
1937-08-20,344.0,194.0,23.0,,
1937-08-21,356.0,172.0,0.0,,
1937-08-22,317.0,206.0,203.0,,
1937-08-23,322.0,189.0,23.0,,
1937-08-24,306.0,178.0,345.0,,
1937-08-25,289.0,183.0,216.0,,
1937-08-26,272.0,183.0,30.0,,
1937-08-27,283.0,172.0,15.0,,
1937-08-28,317.0,150.0,0.0,,
1937-08-29,317.0,128.0,0.0,,
1937-08-30,300.0,189.0,43.0,,
1937-08-31,289.0,228.0,0.0,,
1937-09-01,322.0,161.0,0.0,,
1937-09-02,328.0,156.0,5.0,,
1937-09-03,328.0,189.0,0.0,,
1937-09-04,328.0,178.0,0.0,,
1937-09-05,311.0,194.0,848.0,,
1937-09-06,294.0,150.0,10.0,,
1937-09-07,283.0,144.0,58.0,,
1937-09-08,278.0,133.0,0.0,,
1937-09-09,283.0,100.0,0.0,,
1937-09-10,283.0,117.0,0.0,,
1937-09-11,272.0,167.0,30.0,,
1937-09-12,256.0,122.0,3.0,,
1937-09-13,244.0,89.0,0.0,,
1937-09-14,222.0,33.0,0.0,,
1937-09-15,250.0,56.0,0.0,,
1937-09-16,244.0,50.0,0.0,,
1937-09-17,222.0,67.0,38.0,,
1937-09-18,211.0,11.0,0.0,,
1937-09-19,211.0,61.0,8.0,,
1937-09-20,206.0,0.0,0.0,,
1937-09-21,244.0,-11.0,0.0,,
1937-09-22,289.0,44.0,0.0,,
1937-09-23,294.0,72.0,0.0,,
1937-09-24,289.0,72.0,0.0,,
1937-09-25,283.0,72.0,0.0,,
1937-09-26,272.0,106.0,13.0,,
1937-09-27,261.0,6.0,0.0,,
1937-09-28,256.0,67.0,10.0,,
1937-09-29,256.0,56.0,0.0,,
1937-09-30,267.0,44.0,0.0,,
1937-10-01,,56.0,0.0,,0.0
1937-10-02,,61.0,81.0,,0.0
1937-10-03,,128.0,203.0,,0.0
1937-10-04,,139.0,140.0,,0.0
1937-10-05,,144.0,155.0,,0.0
1937-10-06,,150.0,38.0,,0.0
1937-10-07,,139.0,0.0,,0.0
1937-10-08,,-6.0,0.0,,0.0
1937-10-09,,0.0,0.0,,0.0
1937-10-10,,67.0,61.0,,0.0
1937-10-11,,56.0,13.0,,0.0
1937-10-12,,56.0,0.0,,0.0
1937-10-13,,61.0,89.0,,0.0
1937-10-14,,0.0,0.0,,0.0
1937-10-15,,-17.0,0.0,,0.0
1937-10-16,,-33.0,0.0,,0.0
1937-10-17,,-11.0,0.0,,0.0
1937-10-18,,56.0,13.0,,0.0
1937-10-19,,122.0,64.0,,0.0
1937-10-20,,50.0,69.0,,0.0
1937-10-21,,-6.0,0.0,,0.0
1937-10-22,,61.0,64.0,,0.0
1937-10-23,,0.0,211.0,,0.0
1937-10-24,,-22.0,18.0,,18.0
1937-10-25,,-44.0,15.0,,0.0
1937-10-26,,22.0,15.0,,0.0
1937-10-27,,78.0,284.0,,0.0
1937-10-28,,56.0,483.0,,0.0
1937-10-29,,-17.0,28.0,,0.0
1937-10-30,,44.0,0.0,,0.0
1937-10-31,,-6.0,0.0,,0.0
1937-11-01,217.0,-22.0,0.0,,0.0
1937-11-02,211.0,11.0,25.0,,0.0
1937-11-03,211.0,17.0,0.0,,0.0
1937-11-04,194.0,-67.0,0.0,,0.0
1937-11-05,161.0,-61.0,3.0,,0.0
1937-11-06,156.0,39.0,13.0,,0.0
1937-11-07,194.0,-17.0,0.0,,0.0
1937-11-08,239.0,17.0,0.0,,0.0
1937-11-09,228.0,56.0,89.0,,0.0
1937-11-10,217.0,-33.0,0.0,,0.0
1937-11-11,189.0,17.0,56.0,,0.0
1937-11-12,172.0,33.0,56.0,,0.0
1937-11-13,161.0,72.0,20.0,,0.0
1937-11-14,156.0,17.0,0.0,,0.0
1937-11-15,150.0,17.0,25.0,,0.0
1937-11-16,139.0,22.0,5.0,,0.0
1937-11-17,111.0,6.0,43.0,,0.0
1937-11-18,89.0,-22.0,0.0,,0.0
1937-11-19,72.0,-6.0,46.0,,0.0
1937-11-20,67.0,-61.0,36.0,,36.0
1937-11-21,61.0,-117.0,18.0,,18.0
1937-11-22,56.0,-122.0,0.0,,0.0
1937-11-23,44.0,-117.0,0.0,,0.0
1937-11-24,111.0,-128.0,0.0,,0.0
1937-11-25,122.0,-111.0,0.0,,0.0
1937-11-26,128.0,0.0,15.0,,0.0
1937-11-27,189.0,61.0,18.0,,0.0
1937-11-28,228.0,67.0,30.0,,0.0
1937-11-29,222.0,-28.0,0.0,,0.0
1937-11-30,211.0,-33.0,0.0,,0.0
1937-12-01,,-94.0,0.0,,
1937-12-02,,-72.0,0.0,,
1937-12-03,,-111.0,0.0,,
1937-12-04,,-117.0,0.0,,
1937-12-05,,11.0,56.0,,
1937-12-06,,-61.0,94.0,,145.0
1937-12-07,,-106.0,25.0,,25.0
1937-12-08,,-100.0,51.0,,5.0
1937-12-09,,-167.0,0.0,,
1937-12-10,,-156.0,0.0,,
1937-12-11,,-183.0,0.0,,
1937-12-12,,-200.0,0.0,,
1937-12-13,,-83.0,25.0,,3.0
1937-12-14,,-78.0,0.0,,
1937-12-15,,-28.0,10.0,,
1937-12-16,,6.0,137.0,,
1937-12-17,,6.0,51.0,,
1937-12-18,,33.0,211.0,,
1937-12-19,,0.0,8.0,,
1937-12-20,,-67.0,0.0,,
1937-12-21,,-17.0,0.0,,
1937-12-22,,6.0,0.0,,
1937-12-23,,11.0,38.0,,
1937-12-24,,-44.0,0.0,,
1937-12-25,,67.0,0.0,,
1937-12-26,,-17.0,0.0,,
1937-12-27,,-56.0,66.0,,
1937-12-28,,28.0,43.0,,
1937-12-29,,-17.0,0.0,,
1937-12-30,,-33.0,0.0,,
1937-12-31,,56.0,0.0,,
1938-01-01,156.0,44.0,38.0,,
1938-01-02,156.0,-44.0,0.0,,
1938-01-03,133.0,-100.0,0.0,,
1938-01-04,111.0,-50.0,0.0,,
1938-01-05,89.0,-50.0,0.0,,
1938-01-06,122.0,-78.0,0.0,,
1938-01-07,122.0,-28.0,25.0,,
1938-01-08,94.0,-44.0,0.0,,
1938-01-09,78.0,-144.0,0.0,,
1938-01-10,67.0,-100.0,0.0,,
1938-01-11,56.0,-6.0,46.0,,
1938-01-12,67.0,-67.0,5.0,,
1938-01-13,67.0,-28.0,10.0,,
1938-01-14,44.0,-44.0,0.0,,
1938-01-15,39.0,-100.0,0.0,,
1938-01-16,117.0,-72.0,0.0,,
1938-01-17,122.0,22.0,0.0,,
1938-01-18,117.0,-6.0,0.0,,
1938-01-19,100.0,-22.0,10.0,,
1938-01-20,78.0,-39.0,0.0,,
1938-01-21,122.0,28.0,64.0,,
1938-01-22,128.0,61.0,79.0,,
1938-01-23,133.0,11.0,0.0,,
1938-01-24,194.0,-17.0,0.0,,
1938-01-25,194.0,0.0,170.0,,
1938-01-26,167.0,-128.0,5.0,,
1938-01-27,144.0,-117.0,0.0,,
1938-01-28,128.0,-117.0,0.0,,
1938-01-29,117.0,-139.0,0.0,,
1938-01-30,167.0,0.0,81.0,,
1938-01-31,167.0,-28.0,0.0,,
1938-02-01,144.0,-122.0,0.0,,
1938-02-02,144.0,-72.0,0.0,,
1938-02-03,133.0,17.0,0.0,,
1938-02-04,128.0,44.0,0.0,,
1938-02-05,194.0,-17.0,0.0,,
1938-02-06,206.0,56.0,0.0,,
1938-02-07,206.0,22.0,91.0,,
1938-02-08,194.0,-72.0,0.0,,
1938-02-09,178.0,-28.0,0.0,,
1938-02-10,206.0,39.0,79.0,,
1938-02-11,167.0,-17.0,140.0,,
1938-02-12,178.0,61.0,64.0,,
1938-02-13,211.0,83.0,76.0,,
1938-02-14,200.0,78.0,76.0,,
1938-02-15,200.0,-22.0,0.0,,
1938-02-16,189.0,-50.0,0.0,,
1938-02-17,194.0,-44.0,0.0,,
1938-02-18,222.0,89.0,0.0,,
1938-02-19,222.0,106.0,38.0,,
1938-02-20,222.0,6.0,102.0,,
1938-02-21,189.0,0.0,0.0,,
1938-02-22,183.0,-22.0,25.0,,
1938-02-23,172.0,22.0,64.0,,
1938-02-24,161.0,0.0,0.0,,
1938-02-25,161.0,-44.0,102.0,,
1938-02-26,139.0,-39.0,25.0,,
1938-02-27,122.0,-6.0,25.0,,
1938-02-28,117.0,-78.0,28.0,,
1938-03-01,,,0.0,,
1938-03-02,,,0.0,,
1938-03-03,,,58.0,,
1938-03-04,,,5.0,,
1938-03-05,,,0.0,,
1938-03-06,,,157.0,,
1938-03-07,,,0.0,,
1938-03-08,,,0.0,,
1938-03-09,,,0.0,,
1938-03-10,,,66.0,,
1938-03-11,,,18.0,,
1938-03-12,,,18.0,,
1938-03-13,,,18.0,,
1938-03-14,,,109.0,,
1938-03-15,,,25.0,,
1938-03-16,,,48.0,,
1938-03-17,,,94.0,,
1938-03-18,,,0.0,,
1938-03-19,,,0.0,,
1938-03-20,,,8.0,,
1938-03-21,,,0.0,,
1938-03-22,,,0.0,,
1938-03-23,,,20.0,,
1938-03-24,,,64.0,,
1938-03-25,,,0.0,,
1938-03-26,,,150.0,,
1938-03-27,,,0.0,,
1938-03-28,,,0.0,,
1938-03-29,,,10.0,,
1938-03-30,,,241.0,,
1938-03-31,,,0.0,,
1938-04-01,222.0,39.0,0.0,,
1938-04-02,228.0,11.0,25.0,,
1938-04-03,217.0,-11.0,5.0,,
1938-04-04,206.0,28.0,0.0,,
1938-04-05,194.0,17.0,0.0,,
1938-04-06,244.0,17.0,0.0,,
1938-04-07,239.0,67.0,64.0,,
1938-04-08,239.0,67.0,79.0,,
1938-04-09,222.0,11.0,165.0,,
1938-04-10,200.0,-22.0,43.0,,
1938-04-11,206.0,-39.0,0.0,,
1938-04-12,222.0,33.0,0.0,,
1938-04-13,261.0,28.0,0.0,,
1938-04-14,278.0,56.0,0.0,,
1938-04-15,283.0,72.0,0.0,,
1938-04-16,289.0,61.0,0.0,,
1938-04-17,283.0,172.0,0.0,,
1938-04-18,272.0,139.0,249.0,,
1938-04-19,261.0,61.0,142.0,,
1938-04-20,250.0,44.0,0.0,,
1938-04-21,250.0,50.0,0.0,,
1938-04-22,211.0,33.0,0.0,,
1938-04-23,200.0,-28.0,0.0,,
1938-04-24,233.0,0.0,0.0,,
1938-04-25,256.0,50.0,0.0,,
1938-04-26,283.0,44.0,0.0,,
1938-04-27,306.0,67.0,0.0,,
1938-04-28,306.0,100.0,0.0,,
1938-04-29,311.0,106.0,56.0,,
1938-04-30,289.0,67.0,25.0,,
1938-05-01,283.0,6.0,0.0,,
1938-05-02,278.0,11.0,0.0,,
1938-05-03,306.0,72.0,0.0,,
1938-05-04,317.0,106.0,0.0,,
1938-05-05,322.0,122.0,86.0,,
1938-05-06,311.0,117.0,0.0,,
1938-05-07,278.0,61.0,0.0,,
1938-05-08,267.0,83.0,152.0,,
1938-05-09,256.0,89.0,66.0,,
1938-05-10,244.0,89.0,152.0,,
1938-05-11,239.0,83.0,102.0,,
1938-05-12,222.0,-11.0,0.0,,
1938-05-13,228.0,-22.0,0.0,,
1938-05-14,206.0,67.0,231.0,,
1938-05-15,200.0,72.0,224.0,,
1938-05-16,206.0,83.0,25.0,,
1938-05-17,228.0,83.0,0.0,,
1938-05-18,222.0,128.0,178.0,,
1938-05-19,283.0,150.0,175.0,,
1938-05-20,278.0,139.0,378.0,,
1938-05-21,283.0,150.0,272.0,,
1938-05-22,272.0,150.0,193.0,,
1938-05-23,272.0,128.0,178.0,,
1938-05-24,300.0,144.0,25.0,,
1938-05-25,311.0,39.0,0.0,,
1938-05-26,261.0,122.0,91.0,,
1938-05-27,272.0,100.0,0.0,,
1938-05-28,267.0,117.0,0.0,,
1938-05-29,300.0,94.0,0.0,,
1938-05-30,294.0,139.0,0.0,,
1938-05-31,283.0,61.0,0.0,,
1938-06-01,289.0,67.0,,,
1938-06-02,289.0,144.0,15.0,,
1938-06-03,283.0,144.0,119.0,,
1938-06-04,278.0,144.0,81.0,,
1938-06-05,278.0,72.0,107.0,,
1938-06-06,294.0,83.0,,,
1938-06-07,300.0,117.0,5.0,,
1938-06-08,283.0,133.0,180.0,,
1938-06-09,283.0,83.0,,,
1938-06-10,311.0,83.0,,,
1938-06-11,317.0,83.0,28.0,,
1938-06-12,311.0,183.0,188.0,,
1938-06-13,300.0,94.0,,,
1938-06-14,294.0,89.0,,,
1938-06-15,294.0,83.0,,,
1938-06-16,306.0,111.0,622.0,,
1938-06-17,300.0,106.0,155.0,,
1938-06-18,278.0,122.0,38.0,,
1938-06-19,278.0,178.0,401.0,,
1938-06-20,278.0,161.0,25.0,,
1938-06-21,272.0,156.0,28.0,,
1938-06-22,267.0,161.0,102.0,,
1938-06-23,294.0,144.0,30.0,,
1938-06-24,311.0,161.0,,,
1938-06-25,311.0,161.0,,,
1938-06-26,306.0,200.0,109.0,,
1938-06-27,294.0,150.0,114.0,,
1938-06-28,233.0,100.0,102.0,,
1938-06-29,244.0,72.0,,,
1938-06-30,289.0,89.0,,,
1938-07-01,278.0,156.0,38.0,,
1938-07-02,239.0,161.0,91.0,,
1938-07-03,289.0,189.0,,,
1938-07-04,283.0,100.0,,,
1938-07-05,294.0,106.0,,,
1938-07-06,300.0,111.0,,,
1938-07-07,333.0,139.0,,,
1938-07-08,339.0,161.0,,,
1938-07-09,333.0,156.0,51.0,,
1938-07-10,306.0,117.0,,,
1938-07-11,339.0,167.0,,,
1938-07-12,339.0,200.0,114.0,,
1938-07-13,294.0,183.0,51.0,,
1938-07-14,289.0,161.0,25.0,,
1938-07-15,283.0,161.0,51.0,,
1938-07-16,300.0,194.0,,,
1938-07-17,322.0,144.0,,,
1938-07-18,311.0,183.0,132.0,,
1938-07-19,278.0,194.0,229.0,,
1938-07-20,289.0,206.0,597.0,,
1938-07-21,306.0,178.0,,,
1938-07-22,317.0,178.0,,,
1938-07-23,300.0,122.0,51.0,,
1938-07-24,322.0,156.0,,,
1938-07-25,322.0,161.0,,,
1938-07-26,322.0,161.0,,,
1938-07-27,322.0,178.0,,,
1938-07-28,328.0,178.0,,,
1938-07-29,322.0,200.0,307.0,,
1938-07-30,306.0,189.0,391.0,,
1938-07-31,328.0,189.0,147.0,,
1938-08-01,322.0,200.0,56.0,,
1938-08-02,322.0,194.0,25.0,,
1938-08-03,317.0,206.0,43.0,,
1938-08-04,322.0,211.0,,,
1938-08-05,322.0,183.0,13.0,,
1938-08-06,322.0,156.0,,,
1938-08-07,317.0,150.0,,,
1938-08-08,333.0,139.0,635.0,,
1938-08-09,328.0,139.0,,,
1938-08-10,328.0,156.0,,,
1938-08-11,300.0,189.0,140.0,,
1938-08-12,311.0,150.0,,,
1938-08-13,300.0,94.0,,,
1938-08-14,333.0,133.0,,,
1938-08-15,333.0,133.0,5.0,,
1938-08-16,339.0,144.0,,,
1938-08-17,339.0,139.0,,,
1938-08-18,322.0,122.0,178.0,,
1938-08-19,322.0,133.0,,,
1938-08-20,322.0,133.0,,,
1938-08-21,322.0,150.0,,,
1938-08-22,322.0,144.0,,,
1938-08-23,306.0,106.0,,,
1938-08-24,272.0,122.0,,,
1938-08-25,306.0,50.0,,,
1938-08-26,294.0,56.0,,,
1938-08-27,300.0,122.0,,,
1938-08-28,283.0,133.0,,,
1938-08-29,311.0,56.0,,,
1938-08-30,311.0,67.0,,,
1938-08-31,311.0,61.0,15.0,,
1938-09-01,294.0,150.0,89.0,,
1938-09-02,289.0,111.0,0.0,,
1938-09-03,289.0,78.0,0.0,,
1938-09-04,317.0,111.0,0.0,,
1938-09-05,317.0,78.0,0.0,,
1938-09-06,322.0,50.0,0.0,,
1938-09-07,317.0,100.0,89.0,,
1938-09-08,300.0,144.0,132.0,,
1938-09-09,300.0,133.0,0.0,,
1938-09-10,300.0,128.0,0.0,,
1938-09-11,283.0,172.0,0.0,,
1938-09-12,278.0,144.0,56.0,,
1938-09-13,283.0,150.0,170.0,,
1938-09-14,278.0,144.0,0.0,,
1938-09-15,272.0,156.0,53.0,,
1938-09-16,272.0,100.0,0.0,,
1938-09-17,289.0,139.0,38.0,,
1938-09-18,294.0,106.0,0.0,,
1938-09-19,261.0,72.0,0.0,,
1938-09-20,261.0,61.0,28.0,,
1938-09-21,261.0,22.0,0.0,,
1938-09-22,261.0,22.0,30.0,,
1938-09-23,256.0,22.0,8.0,,
1938-09-24,283.0,83.0,0.0,,
1938-09-25,278.0,117.0,0.0,,
1938-09-26,294.0,33.0,0.0,,
1938-09-27,278.0,72.0,0.0,,
1938-09-28,289.0,78.0,76.0,,
1938-09-29,261.0,89.0,0.0,,
1938-09-30,261.0,89.0,0.0,,
1938-10-01,244.0,-44.0,0.0,,
1938-10-02,228.0,-28.0,0.0,,
1938-10-03,239.0,-39.0,0.0,,
1938-10-04,217.0,-17.0,0.0,,
1938-10-05,239.0,-22.0,0.0,,
1938-10-06,239.0,61.0,0.0,,
1938-10-07,239.0,-17.0,0.0,,
1938-10-08,244.0,-17.0,0.0,,
1938-10-09,244.0,39.0,0.0,,
1938-10-10,222.0,-39.0,0.0,,
1938-10-11,300.0,-6.0,0.0,,
1938-10-12,289.0,39.0,0.0,,
1938-10-13,278.0,6.0,0.0,,
1938-10-14,278.0,6.0,81.0,,
1938-10-15,278.0,28.0,0.0,,
1938-10-16,278.0,33.0,0.0,,
1938-10-17,278.0,6.0,0.0,,
1938-10-18,283.0,-11.0,0.0,,
1938-10-19,289.0,6.0,0.0,,
1938-10-20,289.0,50.0,150.0,,
1938-10-21,289.0,-28.0,0.0,,
1938-10-22,289.0,0.0,0.0,,
1938-10-23,289.0,17.0,0.0,,
1938-10-24,267.0,-6.0,8.0,,
1938-10-25,250.0,-22.0,0.0,,
1938-10-26,239.0,-33.0,0.0,,
1938-10-27,239.0,56.0,0.0,,
1938-10-28,211.0,61.0,0.0,,
1938-10-29,211.0,61.0,0.0,,
1938-10-30,206.0,22.0,0.0,,
1938-10-31,194.0,-39.0,0.0,,
1938-11-01,211.0,-44.0,0.0,,0.0
1938-11-02,250.0,-28.0,0.0,,0.0
1938-11-03,261.0,-11.0,0.0,,0.0
1938-11-04,239.0,-22.0,0.0,,0.0
1938-11-05,244.0,106.0,23.0,,0.0
1938-11-06,267.0,39.0,0.0,,0.0
1938-11-07,283.0,44.0,0.0,,0.0
1938-11-08,278.0,39.0,69.0,,0.0
1938-11-09,272.0,-44.0,0.0,,0.0
1938-11-10,228.0,-72.0,0.0,,0.0
1938-11-11,206.0,-28.0,0.0,,0.0
1938-11-12,228.0,6.0,0.0,,0.0
1938-11-13,217.0,89.0,64.0,,0.0
1938-11-14,211.0,-28.0,41.0,,0.0
1938-11-15,183.0,22.0,0.0,,0.0
1938-11-16,178.0,-50.0,0.0,,0.0
1938-11-17,172.0,83.0,0.0,,0.0
1938-11-18,261.0,72.0,10.0,,0.0
1938-11-19,233.0,61.0,419.0,,0.0
1938-11-20,222.0,-17.0,0.0,,0.0
1938-11-21,211.0,-28.0,5.0,,0.0
1938-11-22,217.0,-44.0,0.0,,0.0
1938-11-23,189.0,-44.0,18.0,,0.0
1938-11-24,150.0,-56.0,226.0,,330.0
1938-11-25,128.0,-106.0,41.0,305.0,51.0
1938-11-26,50.0,-167.0,0.0,,0.0
1938-11-27,28.0,-128.0,61.0,,76.0
1938-11-28,33.0,-89.0,20.0,,25.0
1938-11-29,94.0,-144.0,0.0,,0.0
1938-11-30,117.0,-61.0,0.0,762.0,0.0
1938-12-01,144.0,-61.0,0.0,,0.0
1938-12-02,67.0,-44.0,0.0,,0.0
1938-12-03,128.0,-22.0,0.0,,0.0
1938-12-04,172.0,22.0,64.0,,0.0
1938-12-05,128.0,6.0,0.0,,0.0
1938-12-06,100.0,22.0,0.0,,0.0
1938-12-07,117.0,11.0,0.0,,0.0
1938-12-08,100.0,-28.0,46.0,,0.0
1938-12-09,94.0,-6.0,53.0,,0.0
1938-12-10,94.0,22.0,0.0,,0.0
1938-12-11,111.0,-22.0,61.0,,0.0
1938-12-12,83.0,-22.0,61.0,,0.0
1938-12-13,111.0,,0.0,,0.0
1938-12-14,67.0,-72.0,0.0,,0.0
1938-12-15,61.0,-100.0,0.0,,0.0
1938-12-16,106.0,-117.0,0.0,,0.0
1938-12-17,83.0,-44.0,0.0,,0.0
1938-12-18,72.0,,0.0,,0.0
1938-12-19,39.0,-100.0,0.0,,0.0
1938-12-20,72.0,-94.0,0.0,,0.0
1938-12-21,72.0,-11.0,5.0,,5.0
1938-12-22,39.0,-89.0,5.0,,5.0
1938-12-23,56.0,-22.0,86.0,,0.0
1938-12-24,67.0,11.0,0.0,,0.0
1938-12-25,61.0,0.0,0.0,,0.0
1938-12-26,56.0,-67.0,107.0,,0.0
1938-12-27,117.0,-56.0,0.0,,0.0
1938-12-28,-22.0,-111.0,0.0,,0.0
1938-12-29,56.0,-111.0,0.0,,0.0
1938-12-30,-11.0,,0.0,,0.0
1938-12-31,61.0,-22.0,0.0,,0.0
1939-01-01,122.0,-33.0,0.0,,0.0
1939-01-02,139.0,61.0,0.0,,0.0
1939-01-03,172.0,-17.0,0.0,,0.0
1939-01-04,211.0,0.0,0.0,,0.0
1939-01-05,206.0,106.0,5.0,,0.0
1939-01-06,200.0,17.0,38.0,,0.0
1939-01-07,150.0,-67.0,0.0,,0.0
1939-01-08,133.0,-39.0,0.0,,0.0
1939-01-09,200.0,-50.0,0.0,,0.0
1939-01-10,178.0,11.0,23.0,,25.0
1939-01-11,156.0,11.0,0.0,,0.0
1939-01-12,89.0,6.0,0.0,,0.0
1939-01-13,50.0,-6.0,180.0,76.0,76.0
1939-01-14,50.0,-39.0,15.0,,0.0
1939-01-15,94.0,-83.0,0.0,,0.0
1939-01-16,83.0,-11.0,0.0,,0.0
1939-01-17,67.0,-33.0,0.0,,0.0
1939-01-18,50.0,11.0,46.0,,0.0
1939-01-19,11.0,-67.0,30.0,,30.0
1939-01-20,22.0,-50.0,13.0,,13.0
1939-01-21,94.0,11.0,25.0,,0.0
1939-01-22,133.0,-50.0,25.0,,25.0
1939-01-23,6.0,-128.0,0.0,,0.0
1939-01-24,44.0,-17.0,25.0,,0.0
1939-01-25,39.0,-67.0,20.0,,25.0
1939-01-26,22.0,-111.0,0.0,,0.0
1939-01-27,22.0,-83.0,20.0,,51.0
1939-01-28,56.0,-156.0,0.0,,0.0
1939-01-29,94.0,-6.0,175.0,,0.0
1939-01-30,128.0,44.0,114.0,,0.0
1939-01-31,122.0,-39.0,56.0,,13.0
1939-02-01,56.0,-72.0,0.0,,0.0
1939-02-02,111.0,-11.0,97.0,,0.0
1939-02-03,100.0,-11.0,414.0,,0.0
1939-02-04,111.0,-44.0,13.0,,13.0
1939-02-05,111.0,-111.0,0.0,,0.0
1939-02-06,117.0,-11.0,0.0,,0.0
1939-02-07,150.0,-56.0,56.0,,0.0
1939-02-08,172.0,-6.0,0.0,,0.0
1939-02-09,172.0,0.0,38.0,,0.0
1939-02-10,222.0,50.0,104.0,,0.0
1939-02-11,156.0,-50.0,173.0,,0.0
1939-02-12,83.0,-106.0,0.0,,0.0
1939-02-13,144.0,-83.0,0.0,,0.0
1939-02-14,161.0,,0.0,,0.0
1939-02-15,156.0,-6.0,178.0,,28.0
1939-02-16,144.0,-78.0,25.0,,0.0
1939-02-17,144.0,-78.0,0.0,,0.0
1939-02-18,156.0,44.0,0.0,,0.0
1939-02-19,239.0,0.0,0.0,,0.0
1939-02-20,244.0,117.0,41.0,,0.0
1939-02-21,,44.0,0.0,,0.0
1939-02-22,89.0,-89.0,51.0,,51.0
1939-02-23,,-183.0,25.0,,25.0
1939-02-24,61.0,-56.0,0.0,,0.0
1939-02-25,78.0,-28.0,0.0,,0.0
1939-02-26,150.0,11.0,165.0,,0.0
1939-02-27,122.0,28.0,0.0,,0.0
1939-02-28,228.0,28.0,91.0,,0.0
1939-03-01,228.0,22.0,0.0,,0.0
1939-03-02,67.0,-39.0,0.0,,0.0
1939-03-03,144.0,-89.0,0.0,,0.0
1939-03-04,183.0,-22.0,0.0,,0.0
1939-03-05,200.0,78.0,348.0,,0.0
1939-03-06,206.0,94.0,0.0,,0.0
1939-03-07,144.0,-17.0,0.0,,0.0
1939-03-08,150.0,-61.0,0.0,,0.0
1939-03-09,194.0,17.0,0.0,,0.0
1939-03-10,183.0,-28.0,0.0,,0.0
1939-03-11,189.0,44.0,157.0,,0.0
1939-03-12,189.0,72.0,208.0,,0.0
1939-03-13,150.0,0.0,94.0,,0.0
1939-03-14,194.0,-39.0,0.0,,0.0
1939-03-15,194.0,83.0,30.0,,0.0
1939-03-16,189.0,-6.0,5.0,,0.0
1939-03-17,56.0,-39.0,3.0,,0.0
1939-03-18,17.0,-78.0,3.0,,0.0
1939-03-19,67.0,-150.0,0.0,,0.0
1939-03-20,150.0,33.0,0.0,,0.0
1939-03-21,150.0,-72.0,0.0,,0.0
1939-03-22,144.0,61.0,0.0,,0.0
1939-03-23,211.0,-39.0,0.0,,0.0
1939-03-24,272.0,-6.0,0.0,,0.0
1939-03-25,272.0,61.0,0.0,,0.0
1939-03-26,267.0,94.0,0.0,,0.0
1939-03-27,228.0,106.0,41.0,,0.0
1939-03-28,167.0,44.0,135.0,,0.0
1939-03-29,144.0,0.0,0.0,,0.0
1939-03-30,89.0,89.0,114.0,,0.0
1939-03-31,111.0,22.0,0.0,,0.0
1939-04-01,117.0,11.0,112.0,,
1939-04-02,122.0,22.0,0.0,,
1939-04-03,117.0,17.0,0.0,,
1939-04-04,117.0,-22.0,0.0,,
1939-04-05,156.0,-61.0,0.0,,
1939-04-06,156.0,50.0,213.0,,
1939-04-07,56.0,-11.0,0.0,,
1939-04-08,133.0,-61.0,20.0,,
1939-04-09,139.0,-11.0,3.0,,
1939-04-10,278.0,61.0,58.0,,
1939-04-11,261.0,61.0,81.0,,
1939-04-12,67.0,-11.0,5.0,,
1939-04-13,67.0,-17.0,0.0,,
1939-04-14,144.0,-50.0,0.0,,
1939-04-15,139.0,94.0,328.0,,
1939-04-16,156.0,94.0,483.0,,
1939-04-17,228.0,89.0,3.0,,
1939-04-18,228.0,122.0,0.0,,
1939-04-19,217.0,44.0,0.0,,
1939-04-20,139.0,67.0,0.0,,
1939-04-21,206.0,11.0,0.0,,
1939-04-22,194.0,72.0,0.0,,
1939-04-23,244.0,-6.0,0.0,,
1939-04-24,289.0,17.0,0.0,,
1939-04-25,306.0,56.0,0.0,,
1939-04-26,294.0,139.0,58.0,,
1939-04-27,283.0,128.0,28.0,,
1939-04-28,272.0,61.0,0.0,,
1939-04-29,261.0,78.0,0.0,,
1939-04-30,189.0,0.0,18.0,,
1939-05-01,144.0,-22.0,23.0,,
1939-05-02,150.0,39.0,0.0,,
1939-05-03,161.0,-11.0,0.0,,
1939-05-04,200.0,-17.0,0.0,,
1939-05-05,256.0,11.0,0.0,,
1939-05-06,294.0,56.0,0.0,,
1939-05-07,311.0,72.0,0.0,,
1939-05-08,311.0,72.0,0.0,,
1939-05-09,300.0,139.0,25.0,,
1939-05-10,283.0,94.0,23.0,,
1939-05-11,272.0,117.0,0.0,,
1939-05-12,261.0,-6.0,0.0,,
1939-05-13,244.0,72.0,8.0,,
1939-05-14,206.0,6.0,0.0,,
1939-05-15,239.0,11.0,0.0,,
1939-05-16,239.0,11.0,0.0,,
1939-05-17,272.0,56.0,0.0,,
1939-05-18,317.0,72.0,0.0,,
1939-05-19,328.0,94.0,0.0,,
1939-05-20,317.0,156.0,221.0,,
1939-05-21,289.0,144.0,8.0,,
1939-05-22,278.0,150.0,13.0,,
1939-05-23,322.0,144.0,0.0,,
1939-05-24,322.0,150.0,0.0,,
1939-05-25,339.0,122.0,0.0,,
1939-05-26,339.0,139.0,0.0,,
1939-05-27,333.0,144.0,0.0,,
1939-05-28,328.0,189.0,41.0,,
1939-05-29,300.0,172.0,5.0,,
1939-05-30,300.0,144.0,0.0,,
1939-05-31,322.0,133.0,0.0,,
1939-06-01,306.0,194.0,94.0,,
1939-06-02,294.0,183.0,130.0,,
1939-06-03,294.0,206.0,0.0,,
1939-06-04,272.0,156.0,33.0,,
1939-06-05,294.0,94.0,0.0,,
1939-06-06,311.0,122.0,0.0,,
1939-06-07,328.0,122.0,0.0,,
1939-06-08,328.0,161.0,0.0,,
1939-06-09,317.0,167.0,74.0,,
1939-06-10,311.0,172.0,13.0,,
1939-06-11,294.0,167.0,15.0,,
1939-06-12,300.0,156.0,0.0,,
1939-06-13,306.0,161.0,23.0,,
1939-06-14,300.0,144.0,30.0,,
1939-06-15,322.0,100.0,0.0,,
1939-06-16,350.0,144.0,0.0,,
1939-06-17,350.0,200.0,0.0,,
1939-06-18,350.0,172.0,163.0,,
1939-06-19,344.0,167.0,155.0,,
1939-06-20,294.0,211.0,8.0,,
1939-06-21,322.0,178.0,69.0,,
1939-06-22,333.0,183.0,71.0,,
1939-06-23,306.0,194.0,8.0,,
1939-06-24,333.0,128.0,0.0,,
1939-06-25,322.0,100.0,0.0,,
1939-06-26,356.0,83.0,0.0,,
1939-06-27,372.0,83.0,0.0,,
1939-06-28,350.0,156.0,295.0,,
1939-06-29,322.0,56.0,287.0,,
1939-06-30,311.0,156.0,8.0,,
1939-07-01,322.0,183.0,0.0,,
1939-07-02,294.0,183.0,0.0,,
1939-07-03,322.0,128.0,51.0,,
1939-07-04,322.0,144.0,8.0,,
1939-07-05,306.0,150.0,135.0,,
1939-07-06,333.0,144.0,0.0,,
1939-07-07,344.0,172.0,0.0,,
1939-07-08,294.0,211.0,58.0,,
1939-07-09,294.0,239.0,0.0,,
1939-07-10,344.0,194.0,71.0,,
1939-07-11,278.0,67.0,0.0,,
1939-07-12,306.0,83.0,0.0,,
1939-07-13,333.0,111.0,0.0,,
1939-07-14,328.0,194.0,30.0,,
1939-07-15,294.0,111.0,0.0,,
1939-07-16,267.0,72.0,0.0,,
1939-07-17,278.0,83.0,0.0,,
1939-07-18,233.0,106.0,221.0,,
1939-07-19,261.0,106.0,38.0,,
1939-07-20,256.0,150.0,175.0,,
1939-07-21,250.0,161.0,86.0,,
1939-07-22,300.0,139.0,0.0,,
1939-07-23,311.0,150.0,0.0,,
1939-07-24,311.0,178.0,119.0,,
1939-07-25,322.0,178.0,3.0,,
1939-07-26,322.0,178.0,28.0,,
1939-07-27,289.0,189.0,43.0,,
1939-07-28,333.0,211.0,66.0,,
1939-07-29,322.0,189.0,109.0,,
1939-07-30,322.0,156.0,81.0,,
1939-07-31,289.0,178.0,0.0,,
1939-08-01,311.0,156.0,0.0,,
1939-08-02,322.0,172.0,0.0,,
1939-08-03,322.0,161.0,0.0,,
1939-08-04,289.0,183.0,66.0,,
1939-08-05,300.0,72.0,0.0,,
1939-08-06,311.0,156.0,0.0,,
1939-08-07,311.0,133.0,0.0,,
1939-08-08,333.0,156.0,0.0,,
1939-08-09,322.0,200.0,64.0,,
1939-08-10,300.0,139.0,0.0,,
1939-08-11,344.0,111.0,0.0,,
1939-08-12,350.0,156.0,0.0,,
1939-08-13,333.0,183.0,0.0,,
1939-08-14,350.0,194.0,36.0,,
1939-08-15,333.0,189.0,5.0,,
1939-08-16,333.0,172.0,0.0,,
1939-08-17,339.0,183.0,0.0,,
1939-08-18,289.0,183.0,175.0,,
1939-08-19,333.0,156.0,0.0,,
1939-08-20,333.0,183.0,86.0,,
1939-08-21,322.0,183.0,15.0,,
1939-08-22,283.0,100.0,91.0,,
1939-08-23,322.0,100.0,0.0,,
1939-08-24,322.0,167.0,0.0,,
1939-08-25,300.0,167.0,0.0,,
1939-08-26,294.0,128.0,0.0,,
1939-08-27,311.0,133.0,0.0,,
1939-08-28,300.0,144.0,0.0,,
1939-08-29,283.0,122.0,0.0,,
1939-08-30,294.0,122.0,0.0,,
1939-08-31,317.0,111.0,0.0,,
1939-09-01,333.0,128.0,0.0,,
1939-09-02,322.0,167.0,0.0,,
1939-09-03,328.0,139.0,0.0,,
1939-09-04,333.0,144.0,0.0,,
1939-09-05,311.0,156.0,318.0,,
1939-09-06,289.0,67.0,0.0,,
1939-09-07,339.0,106.0,0.0,,
1939-09-08,356.0,161.0,0.0,,
1939-09-09,350.0,211.0,0.0,,
1939-09-10,322.0,189.0,20.0,,
1939-09-11,322.0,50.0,0.0,,
1939-09-12,322.0,56.0,0.0,,
1939-09-13,333.0,150.0,56.0,,
1939-09-14,339.0,128.0,0.0,,
1939-09-15,339.0,128.0,0.0,,
1939-09-16,350.0,100.0,0.0,,
1939-09-17,322.0,128.0,0.0,,
1939-09-18,322.0,44.0,0.0,,
1939-09-19,267.0,72.0,0.0,,
1939-09-20,233.0,133.0,94.0,,
1939-09-21,239.0,117.0,0.0,,
1939-09-22,267.0,50.0,0.0,,
1939-09-23,294.0,78.0,0.0,,
1939-09-24,322.0,83.0,0.0,,
1939-09-25,322.0,83.0,0.0,,
1939-09-26,306.0,111.0,0.0,,
1939-09-27,322.0,94.0,0.0,,
1939-09-28,322.0,122.0,20.0,,
1939-09-29,328.0,167.0,224.0,,
1939-09-30,311.0,189.0,30.0,,
1939-10-01,256.0,133.0,135.0,,
1939-10-02,239.0,44.0,119.0,,
1939-10-03,222.0,33.0,0.0,,
1939-10-04,256.0,44.0,0.0,,
1939-10-05,278.0,56.0,0.0,,
1939-10-06,278.0,94.0,0.0,,
1939-10-07,294.0,133.0,0.0,,
1939-10-08,311.0,128.0,0.0,,
1939-10-09,322.0,122.0,0.0,,
1939-10-10,317.0,106.0,0.0,,
1939-10-11,300.0,128.0,56.0,,
1939-10-12,206.0,56.0,0.0,,
1939-10-13,211.0,-17.0,0.0,,
1939-10-14,211.0,33.0,0.0,,
1939-10-15,200.0,-33.0,0.0,,
1939-10-16,217.0,-44.0,0.0,,
1939-10-17,217.0,-11.0,3.0,,
1939-10-18,211.0,-44.0,0.0,,
1939-10-19,267.0,133.0,0.0,,
1939-10-20,267.0,22.0,0.0,,
1939-10-21,267.0,22.0,20.0,,
1939-10-22,256.0,89.0,0.0,,
1939-10-23,267.0,44.0,0.0,,
1939-10-24,211.0,39.0,0.0,,
1939-10-25,239.0,94.0,3.0,,
1939-10-26,256.0,133.0,305.0,,
1939-10-27,272.0,128.0,66.0,,
1939-10-28,267.0,44.0,5.0,,
1939-10-29,222.0,-44.0,0.0,,
1939-10-30,239.0,-28.0,0.0,,
1939-10-31,172.0,44.0,66.0,,
1939-11-01,144.0,17.0,5.0,,0.0
1939-11-02,128.0,-44.0,0.0,,0.0
1939-11-03,100.0,-44.0,0.0,,0.0
1939-11-04,100.0,17.0,3.0,,3.0
1939-11-05,100.0,-22.0,0.0,,0.0
1939-11-06,94.0,-44.0,13.0,,0.0
1939-11-07,128.0,-61.0,0.0,,0.0
1939-11-08,122.0,61.0,0.0,,0.0
1939-11-09,117.0,-78.0,0.0,,0.0
1939-11-10,261.0,-22.0,0.0,,0.0
1939-11-11,239.0,-33.0,0.0,,0.0
1939-11-12,189.0,-44.0,0.0,,0.0
1939-11-13,261.0,-72.0,0.0,,0.0
1939-11-14,144.0,-67.0,0.0,,0.0
1939-11-15,178.0,-67.0,0.0,,0.0
1939-11-16,183.0,-67.0,0.0,,0.0
1939-11-17,200.0,-39.0,0.0,,0.0
1939-11-18,211.0,-11.0,0.0,,0.0
1939-11-19,211.0,61.0,0.0,,0.0
1939-11-20,194.0,67.0,41.0,,0.0
1939-11-21,122.0,44.0,0.0,,0.0
1939-11-22,94.0,11.0,30.0,,0.0
1939-11-23,50.0,17.0,5.0,,0.0
1939-11-24,89.0,-50.0,0.0,,0.0
1939-11-25,100.0,-44.0,0.0,,0.0
1939-11-26,156.0,-67.0,0.0,,0.0
1939-11-27,89.0,-100.0,0.0,,0.0
1939-11-28,100.0,-83.0,0.0,,0.0
1939-11-29,128.0,-94.0,0.0,,0.0
1939-11-30,128.0,-11.0,0.0,,0.0
1939-12-01,150.0,-44.0,0.0,,0.0
1939-12-02,156.0,61.0,89.0,,0.0
1939-12-03,156.0,0.0,114.0,,0.0
1939-12-04,161.0,0.0,48.0,,0.0
1939-12-05,44.0,-6.0,5.0,,0.0
1939-12-06,83.0,-56.0,15.0,,0.0
1939-12-07,183.0,-33.0,0.0,,0.0
1939-12-08,172.0,-83.0,0.0,,0.0
1939-12-09,172.0,-78.0,0.0,,0.0
1939-12-10,156.0,44.0,0.0,,0.0
1939-12-11,172.0,28.0,58.0,,0.0
1939-12-12,156.0,-78.0,0.0,,0.0
1939-12-13,133.0,-22.0,64.0,,0.0
1939-12-14,44.0,-17.0,51.0,,0.0
1939-12-15,139.0,-89.0,0.0,,0.0
1939-12-16,156.0,0.0,0.0,,0.0
1939-12-17,156.0,56.0,0.0,,0.0
1939-12-18,189.0,-33.0,0.0,,0.0
1939-12-19,211.0,-17.0,0.0,,0.0
1939-12-20,200.0,17.0,206.0,,0.0
1939-12-21,22.0,-28.0,20.0,25.0,13.0
1939-12-22,83.0,-39.0,0.0,,0.0
1939-12-23,56.0,-100.0,0.0,,0.0
1939-12-24,50.0,-56.0,0.0,,0.0
1939-12-25,39.0,-117.0,0.0,,0.0
1939-12-26,33.0,-39.0,0.0,,0.0
1939-12-27,17.0,-11.0,79.0,51.0,38.0
1939-12-28,17.0,-6.0,15.0,,0.0
1939-12-29,28.0,-22.0,0.0,,0.0
1939-12-30,0.0,-39.0,0.0,,0.0
1939-12-31,17.0,-89.0,13.0,25.0,13.0
1940-01-01,22.0,-167.0,0.0,,0.0
1940-01-02,-78.0,-117.0,33.0,,38.0
1940-01-03,-56.0,-122.0,0.0,,0.0
1940-01-04,-17.0,-172.0,0.0,,0.0
1940-01-05,-11.0,-94.0,8.0,,25.0
1940-01-06,-39.0,-117.0,0.0,,0.0
1940-01-07,22.0,-172.0,0.0,,0.0
1940-01-08,-11.0,-33.0,0.0,,0.0
1940-01-09,11.0,-61.0,0.0,,0.0
1940-01-10,17.0,-144.0,0.0,,0.0
1940-01-11,56.0,-22.0,38.0,,0.0
1940-01-12,100.0,11.0,23.0,,0.0
1940-01-13,111.0,0.0,0.0,,0.0
1940-01-14,161.0,22.0,53.0,,0.0
1940-01-15,133.0,-28.0,0.0,,0.0
1940-01-16,-6.0,-61.0,3.0,,0.0
1940-01-17,-44.0,-94.0,61.0,,89.0
1940-01-18,,-122.0,10.0,,25.0
1940-01-19,-94.0,-256.0,25.0,,0.0
1940-01-20,-128.0,-222.0,0.0,,0.0
1940-01-21,,-94.0,0.0,,0.0
1940-01-22,,-106.0,0.0,,0.0
1940-01-23,,-172.0,18.0,,25.0
1940-01-24,,-56.0,13.0,,20.0
1940-01-25,-17.0,-100.0,0.0,,0.0
1940-01-26,-28.0,-211.0,3.0,,3.0
1940-01-27,-56.0,-144.0,18.0,,25.0
1940-01-28,-22.0,-111.0,8.0,,13.0
1940-01-29,50.0,,0.0,,0.0
1940-01-30,44.0,,0.0,,0.0
1940-01-31,39.0,-128.0,0.0,,0.0
1940-02-01,56.0,-122.0,0.0,,0.0
1940-02-02,44.0,-111.0,28.0,,0.0
1940-02-03,22.0,-133.0,0.0,,0.0
1940-02-04,44.0,-133.0,0.0,,0.0
1940-02-05,56.0,-6.0,10.0,,0.0
1940-02-06,178.0,-22.0,36.0,,0.0
1940-02-07,172.0,-17.0,15.0,,0.0
1940-02-08,144.0,-28.0,3.0,,0.0
1940-02-09,150.0,-28.0,0.0,,0.0
1940-02-10,200.0,72.0,114.0,,0.0
1940-02-11,189.0,-11.0,76.0,,0.0
1940-02-12,228.0,-50.0,0.0,,0.0
1940-02-13,183.0,6.0,48.0,,0.0
1940-02-14,144.0,-72.0,323.0,,356.0
1940-02-15,106.0,-167.0,0.0,,0.0
1940-02-16,78.0,-161.0,0.0,,0.0
1940-02-17,122.0,-94.0,0.0,,0.0
1940-02-18,122.0,22.0,66.0,,0.0
1940-02-19,117.0,39.0,91.0,,0.0
1940-02-20,83.0,11.0,97.0,,0.0
1940-02-21,56.0,-33.0,5.0,,0.0
1940-02-22,44.0,-61.0,0.0,,0.0
1940-02-23,56.0,-39.0,0.0,,0.0
1940-02-24,122.0,-39.0,0.0,,0.0
1940-02-25,117.0,-44.0,23.0,,0.0
1940-02-26,122.0,-139.0,0.0,,0.0
1940-02-27,89.0,-44.0,109.0,,0.0
1940-02-28,61.0,17.0,64.0,,0.0
1940-02-29,72.0,0.0,10.0,,0.0
1940-03-01,139.0,-44.0,0.0,,0.0
1940-03-02,139.0,-17.0,56.0,,0.0
1940-03-03,200.0,33.0,76.0,,0.0
1940-03-04,200.0,33.0,142.0,,0.0
1940-03-05,178.0,6.0,20.0,,0.0
1940-03-06,144.0,-17.0,3.0,,0.0
1940-03-07,117.0,-11.0,0.0,,0.0
1940-03-08,89.0,-67.0,0.0,,0.0
1940-03-09,72.0,-22.0,0.0,,0.0
1940-03-10,72.0,-39.0,0.0,,0.0
1940-03-11,89.0,-83.0,0.0,,0.0
1940-03-12,122.0,-83.0,0.0,,0.0
1940-03-13,150.0,17.0,0.0,,0.0
1940-03-14,144.0,-11.0,135.0,,0.0
1940-03-15,106.0,-56.0,15.0,,5.0
1940-03-16,78.0,-44.0,5.0,,0.0
1940-03-17,200.0,-44.0,0.0,,0.0
1940-03-18,222.0,-17.0,0.0,,0.0
1940-03-19,206.0,6.0,97.0,,0.0
1940-03-20,178.0,-39.0,0.0,,0.0
1940-03-21,150.0,-89.0,0.0,,0.0
1940-03-22,122.0,-39.0,41.0,,0.0
1940-03-23,89.0,-89.0,0.0,,0.0
1940-03-24,89.0,-117.0,0.0,,0.0
1940-03-25,94.0,-111.0,0.0,,0.0
1940-03-26,83.0,-139.0,0.0,,0.0
1940-03-27,200.0,28.0,0.0,,0.0
1940-03-28,228.0,50.0,0.0,,0.0
1940-03-29,256.0,83.0,13.0,,0.0
1940-03-30,233.0,89.0,417.0,,0.0
1940-03-31,233.0,44.0,119.0,,0.0
1940-04-01,,39.0,3.0,,0.0
1940-04-02,,6.0,5.0,,0.0
1940-04-03,,56.0,0.0,,0.0
1940-04-04,,83.0,0.0,,0.0
1940-04-05,,17.0,0.0,,0.0
1940-04-06,,-39.0,0.0,,0.0
1940-04-07,,-11.0,0.0,,0.0
1940-04-08,,89.0,198.0,,0.0
1940-04-09,,33.0,18.0,,0.0
1940-04-10,,-17.0,3.0,,0.0
1940-04-11,,44.0,0.0,,0.0
1940-04-12,,-28.0,127.0,,13.0
1940-04-13,,-44.0,13.0,,13.0
1940-04-14,,-44.0,28.0,,0.0
1940-04-15,,-6.0,64.0,,0.0
1940-04-16,,28.0,33.0,,0.0
1940-04-17,,100.0,155.0,,0.0
1940-04-18,,128.0,140.0,,0.0
1940-04-19,,61.0,267.0,,0.0
1940-04-20,,78.0,79.0,,0.0
1940-04-21,,22.0,142.0,,0.0
1940-04-22,,-33.0,0.0,,0.0
1940-04-23,,-44.0,0.0,,0.0
1940-04-24,,61.0,0.0,,0.0
1940-04-25,,-6.0,0.0,,0.0
1940-04-26,,-17.0,0.0,,0.0
1940-04-27,,0.0,0.0,,0.0
1940-04-28,,-33.0,0.0,,0.0
1940-04-29,,-11.0,0.0,,0.0
1940-04-30,,106.0,5.0,,0.0
1940-05-01,250.0,100.0,30.0,,
1940-05-02,211.0,56.0,0.0,,
1940-05-03,189.0,28.0,8.0,,
1940-05-04,183.0,28.0,25.0,,
1940-05-05,222.0,-17.0,0.0,,
1940-05-06,317.0,28.0,0.0,,
1940-05-07,317.0,128.0,0.0,,
1940-05-08,322.0,106.0,0.0,,
1940-05-09,311.0,111.0,0.0,,
1940-05-10,300.0,39.0,0.0,,
1940-05-11,217.0,11.0,0.0,,
1940-05-12,244.0,22.0,0.0,,
1940-05-13,283.0,78.0,0.0,,
1940-05-14,300.0,111.0,163.0,,
1940-05-15,306.0,83.0,8.0,,
1940-05-16,278.0,78.0,20.0,,
1940-05-17,283.0,72.0,28.0,,
1940-05-18,250.0,33.0,0.0,,
1940-05-19,339.0,94.0,0.0,,
1940-05-20,339.0,133.0,193.0,,
1940-05-21,300.0,72.0,0.0,,
1940-05-22,306.0,100.0,43.0,,
1940-05-23,306.0,122.0,0.0,,
1940-05-24,289.0,,76.0,,
1940-05-25,244.0,100.0,279.0,,
1940-05-26,261.0,72.0,0.0,,
1940-05-27,261.0,72.0,15.0,,
1940-05-28,256.0,156.0,0.0,,
1940-05-29,283.0,72.0,0.0,,
1940-05-30,239.0,72.0,445.0,,
1940-05-31,267.0,128.0,155.0,,
1940-06-01,256.0,122.0,56.0,,
1940-06-02,294.0,144.0,20.0,,
1940-06-03,294.0,111.0,0.0,,
1940-06-04,317.0,106.0,0.0,,
1940-06-05,317.0,128.0,0.0,,
1940-06-06,328.0,133.0,0.0,,
1940-06-07,333.0,167.0,0.0,,
1940-06-08,333.0,167.0,127.0,,
1940-06-09,350.0,128.0,74.0,,
1940-06-10,339.0,156.0,0.0,,
1940-06-11,328.0,167.0,0.0,,
1940-06-12,322.0,156.0,0.0,,
1940-06-13,300.0,167.0,20.0,,
1940-06-14,322.0,189.0,0.0,,
1940-06-15,322.0,189.0,224.0,,
1940-06-16,322.0,167.0,0.0,,
1940-06-17,317.0,189.0,124.0,,
1940-06-18,317.0,189.0,218.0,,
1940-06-19,300.0,178.0,0.0,,
1940-06-20,283.0,117.0,0.0,,
1940-06-21,250.0,50.0,0.0,,
1940-06-22,322.0,167.0,0.0,,
1940-06-23,317.0,194.0,0.0,,
1940-06-24,300.0,156.0,211.0,,
1940-06-25,267.0,128.0,15.0,,
1940-06-26,267.0,56.0,36.0,,
1940-06-27,244.0,144.0,46.0,,
1940-06-28,317.0,206.0,99.0,,
1940-06-29,283.0,189.0,13.0,,
1940-06-30,278.0,72.0,25.0,,
1940-07-01,306.0,128.0,114.0,,
1940-07-02,283.0,83.0,0.0,,
1940-07-03,267.0,100.0,0.0,,
1940-07-04,261.0,100.0,0.0,,
1940-07-05,267.0,78.0,0.0,,
1940-07-06,283.0,83.0,0.0,,
1940-07-07,289.0,89.0,0.0,,
1940-07-08,283.0,106.0,0.0,,
1940-07-09,306.0,172.0,0.0,,
1940-07-10,317.0,139.0,0.0,,
1940-07-11,322.0,150.0,0.0,,
1940-07-12,317.0,172.0,0.0,,
1940-07-13,272.0,128.0,8.0,,
1940-07-14,283.0,78.0,0.0,,
1940-07-15,289.0,111.0,0.0,,
1940-07-16,294.0,167.0,173.0,,
1940-07-17,283.0,172.0,356.0,,
1940-07-18,317.0,172.0,3.0,,
1940-07-19,333.0,161.0,0.0,,
1940-07-20,344.0,167.0,0.0,,
1940-07-21,333.0,183.0,0.0,,
1940-07-22,344.0,172.0,163.0,,
1940-07-23,322.0,106.0,170.0,,
1940-07-24,322.0,244.0,0.0,,
1940-07-25,339.0,172.0,94.0,,
1940-07-26,356.0,172.0,0.0,,
1940-07-27,344.0,211.0,0.0,,
1940-07-28,361.0,206.0,0.0,,
1940-07-29,367.0,200.0,191.0,,
1940-07-30,356.0,189.0,28.0,,
1940-07-31,356.0,183.0,157.0,,
1940-08-01,328.0,156.0,0.0,,
1940-08-02,300.0,122.0,0.0,,
1940-08-03,272.0,117.0,0.0,,
1940-08-04,322.0,122.0,0.0,,
1940-08-05,328.0,144.0,0.0,,
1940-08-06,333.0,178.0,79.0,,
1940-08-07,289.0,178.0,43.0,,
1940-08-08,322.0,150.0,0.0,,
1940-08-09,328.0,161.0,0.0,,
1940-08-10,322.0,144.0,0.0,,
1940-08-11,333.0,150.0,0.0,,
1940-08-12,333.0,156.0,0.0,,
1940-08-13,339.0,156.0,0.0,,
1940-08-14,322.0,194.0,3.0,,
1940-08-15,289.0,178.0,0.0,,
1940-08-16,283.0,189.0,23.0,,
1940-08-17,328.0,172.0,0.0,,
1940-08-18,350.0,167.0,0.0,,
1940-08-19,344.0,189.0,20.0,,
1940-08-20,261.0,106.0,0.0,,
1940-08-21,261.0,89.0,0.0,,
1940-08-22,300.0,100.0,0.0,,
1940-08-23,283.0,100.0,0.0,,
1940-08-24,217.0,111.0,0.0,,
1940-08-25,278.0,183.0,0.0,,
1940-08-26,278.0,194.0,411.0,,
1940-08-27,311.0,178.0,20.0,,
1940-08-28,322.0,183.0,122.0,,
1940-08-29,322.0,167.0,0.0,,
1940-08-30,317.0,189.0,15.0,,
1940-08-31,322.0,189.0,0.0,,
1940-09-01,289.0,150.0,86.0,,
1940-09-02,283.0,133.0,0.0,,
1940-09-03,267.0,128.0,0.0,,
1940-09-04,289.0,106.0,0.0,,
1940-09-05,283.0,100.0,0.0,,
1940-09-06,272.0,111.0,0.0,,
1940-09-07,278.0,78.0,0.0,,
1940-09-08,267.0,133.0,51.0,,
1940-09-09,294.0,150.0,8.0,,
1940-09-10,244.0,100.0,58.0,,
1940-09-11,239.0,78.0,0.0,,
1940-09-12,183.0,28.0,0.0,,
1940-09-13,211.0,33.0,0.0,,
1940-09-14,267.0,44.0,0.0,,
1940-09-15,283.0,78.0,0.0,,
1940-09-16,244.0,83.0,0.0,,
1940-09-17,250.0,72.0,0.0,,
1940-09-18,278.0,67.0,0.0,,
1940-09-19,289.0,94.0,0.0,,
1940-09-20,317.0,111.0,0.0,,
1940-09-21,322.0,128.0,0.0,,
1940-09-22,317.0,128.0,0.0,,
1940-09-23,306.0,61.0,0.0,,
1940-09-24,261.0,133.0,3.0,,
1940-09-25,267.0,94.0,841.0,,
1940-09-26,139.0,6.0,0.0,,
1940-09-27,189.0,0.0,0.0,,
1940-09-28,222.0,-6.0,0.0,,
1940-09-29,228.0,22.0,0.0,,
1940-09-30,233.0,,0.0,,
1940-10-01,217.0,83.0,0.0,,0.0
1940-10-02,194.0,89.0,5.0,,0.0
1940-10-03,217.0,50.0,0.0,,0.0
1940-10-04,222.0,50.0,0.0,,0.0
1940-10-05,256.0,39.0,0.0,,0.0
1940-10-06,278.0,117.0,18.0,,0.0
1940-10-07,267.0,178.0,58.0,,0.0
1940-10-08,161.0,122.0,33.0,,0.0
1940-10-09,156.0,11.0,0.0,,0.0
1940-10-10,172.0,,0.0,,0.0
1940-10-11,183.0,11.0,0.0,,0.0
1940-10-12,228.0,22.0,0.0,,0.0
1940-10-13,267.0,56.0,0.0,,0.0
1940-10-14,278.0,61.0,0.0,,0.0
1940-10-15,267.0,100.0,25.0,,0.0
1940-10-16,111.0,11.0,0.0,,0.0
1940-10-17,144.0,72.0,0.0,,0.0
1940-10-18,139.0,6.0,15.0,,0.0
1940-10-19,133.0,-22.0,71.0,,0.0
1940-10-20,122.0,28.0,102.0,,0.0
1940-10-21,111.0,-22.0,0.0,,0.0
1940-10-22,172.0,0.0,0.0,,0.0
1940-10-23,233.0,6.0,0.0,,0.0
1940-10-24,222.0,83.0,0.0,,0.0
1940-10-25,233.0,83.0,38.0,,0.0
1940-10-26,211.0,94.0,25.0,,0.0
1940-10-27,211.0,83.0,0.0,,0.0
1940-10-28,211.0,61.0,0.0,,0.0
1940-10-29,233.0,106.0,8.0,,0.0
1940-10-30,228.0,106.0,160.0,,0.0
1940-10-31,150.0,6.0,0.0,,0.0
1940-11-01,150.0,33.0,102.0,,0.0
1940-11-02,178.0,106.0,180.0,,0.0
1940-11-03,200.0,11.0,0.0,,0.0
1940-11-04,200.0,0.0,0.0,,0.0
1940-11-05,194.0,72.0,0.0,,0.0
1940-11-06,194.0,44.0,25.0,,0.0
1940-11-07,67.0,11.0,0.0,,0.0
1940-11-08,72.0,-44.0,0.0,,0.0
1940-11-09,122.0,-78.0,0.0,,0.0
1940-11-10,139.0,11.0,38.0,,0.0
1940-11-11,206.0,83.0,38.0,,0.0
1940-11-12,194.0,44.0,64.0,,0.0
1940-11-13,106.0,17.0,0.0,,0.0
1940-11-14,28.0,-39.0,127.0,,13.0
1940-11-15,17.0,-33.0,30.0,,0.0
1940-11-16,72.0,-11.0,0.0,,0.0
1940-11-17,100.0,-44.0,0.0,,0.0
1940-11-18,89.0,-50.0,0.0,,0.0
1940-11-19,144.0,-67.0,0.0,,0.0
1940-11-20,111.0,0.0,0.0,,0.0
1940-11-21,183.0,44.0,0.0,,0.0
1940-11-22,189.0,78.0,0.0,,0.0
1940-11-23,183.0,78.0,13.0,,0.0
1940-11-24,194.0,67.0,178.0,,0.0
1940-11-25,78.0,11.0,0.0,,0.0
1940-11-26,89.0,-39.0,58.0,,0.0
1940-11-27,94.0,0.0,140.0,,8.0
1940-11-28,22.0,-44.0,8.0,,8.0
1940-11-29,78.0,-111.0,10.0,,10.0
1940-11-30,128.0,-39.0,0.0,,0.0
1940-12-01,128.0,11.0,10.0,,
1940-12-02,78.0,-11.0,0.0,,
1940-12-03,67.0,-106.0,0.0,,
1940-12-04,78.0,-144.0,0.0,,
1940-12-05,67.0,-11.0,46.0,,
1940-12-06,89.0,-78.0,0.0,,
1940-12-07,100.0,-39.0,41.0,,
1940-12-08,133.0,11.0,15.0,,
1940-12-09,128.0,-61.0,0.0,,
1940-12-10,144.0,-56.0,0.0,,
1940-12-11,150.0,17.0,0.0,,
1940-12-12,133.0,0.0,8.0,,
1940-12-13,133.0,33.0,122.0,,
1940-12-14,72.0,11.0,13.0,,
1940-12-15,156.0,-6.0,38.0,,
1940-12-16,183.0,44.0,0.0,,
1940-12-17,183.0,-11.0,0.0,,
1940-12-18,56.0,-28.0,0.0,,
1940-12-19,100.0,-67.0,0.0,,
1940-12-20,111.0,89.0,38.0,,
1940-12-21,100.0,22.0,0.0,,
1940-12-22,111.0,-17.0,0.0,,
1940-12-23,122.0,28.0,0.0,,
1940-12-24,100.0,-83.0,0.0,,
1940-12-25,167.0,-50.0,0.0,,
1940-12-26,183.0,56.0,64.0,,
1940-12-27,178.0,50.0,0.0,,
1940-12-28,150.0,61.0,84.0,,
1940-12-29,183.0,56.0,97.0,,
1940-12-30,178.0,11.0,74.0,,
1940-12-31,183.0,11.0,0.0,,
1941-01-01,106.0,6.0,,,
1941-01-02,128.0,17.0,71.0,,
1941-01-03,128.0,22.0,30.0,,
1941-01-04,139.0,-61.0,,,
1941-01-05,44.0,-128.0,,,
1941-01-06,44.0,-94.0,,,
1941-01-07,17.0,-106.0,,,
1941-01-08,67.0,-78.0,,,
1941-01-09,94.0,-44.0,41.0,,
1941-01-10,17.0,-44.0,,,
1941-01-11,17.0,-22.0,20.0,,
1941-01-12,72.0,-22.0,,,
1941-01-13,56.0,-56.0,,,
1941-01-14,39.0,-56.0,,,
1941-01-15,117.0,-33.0,,,
1941-01-16,117.0,50.0,163.0,,
1941-01-17,128.0,22.0,,,
1941-01-18,133.0,-6.0,25.0,,
1941-01-19,122.0,-44.0,5.0,,
1941-01-20,133.0,-133.0,,,
1941-01-21,83.0,-39.0,,,
1941-01-22,122.0,-61.0,,,
1941-01-23,128.0,39.0,64.0,,
1941-01-24,83.0,6.0,99.0,,
1941-01-25,100.0,-11.0,,,
1941-01-26,89.0,-17.0,61.0,,
1941-01-27,83.0,11.0,142.0,,
1941-01-28,17.0,-44.0,5.0,,
1941-01-29,-17.0,-44.0,3.0,,
1941-01-30,-6.0,-39.0,,,
1941-01-31,22.0,-11.0,,,
1941-02-01,89.0,-50.0,0.0,,0.0
1941-02-02,117.0,-33.0,0.0,,0.0
1941-02-03,111.0,-33.0,5.0,,13.0
1941-02-04,33.0,-122.0,0.0,,0.0
1941-02-05,39.0,-111.0,0.0,,0.0
1941-02-06,122.0,-44.0,0.0,,0.0
1941-02-07,122.0,-39.0,10.0,,13.0
1941-02-08,-6.0,-72.0,13.0,,0.0
1941-02-09,11.0,-78.0,0.0,,0.0
1941-02-10,78.0,-122.0,0.0,,0.0
1941-02-11,111.0,-100.0,0.0,,0.0
1941-02-12,150.0,-78.0,0.0,,0.0
1941-02-13,39.0,-33.0,0.0,,0.0
1941-02-14,150.0,39.0,23.0,,0.0
1941-02-15,61.0,-6.0,0.0,,0.0
1941-02-16,78.0,-44.0,0.0,,0.0
1941-02-17,156.0,-11.0,38.0,,25.0
1941-02-18,22.0,-100.0,5.0,,0.0
1941-02-19,-33.0,-128.0,0.0,,0.0
1941-02-20,-17.0,-150.0,0.0,,0.0
1941-02-21,-11.0,-111.0,0.0,,0.0
1941-02-22,-22.0,-67.0,5.0,,0.0
1941-02-23,44.0,-111.0,0.0,,0.0
1941-02-24,28.0,-56.0,0.0,,0.0
1941-02-25,72.0,-28.0,0.0,,0.0
1941-02-26,72.0,-67.0,0.0,,0.0
1941-02-27,56.0,-28.0,25.0,51.0,51.0
1941-02-28,6.0,-89.0,25.0,76.0,25.0
1941-03-01,33.0,-122.0,0.0,,
1941-03-02,89.0,-150.0,0.0,,
1941-03-03,139.0,11.0,0.0,,
1941-03-04,133.0,-39.0,15.0,,25.0
1941-03-05,11.0,-156.0,0.0,,
1941-03-06,56.0,-100.0,0.0,,
1941-03-07,56.0,-11.0,99.0,,51.0
1941-03-08,33.0,-17.0,74.0,,
1941-03-09,72.0,-44.0,38.0,,
1941-03-10,106.0,-111.0,0.0,,
1941-03-11,100.0,17.0,107.0,,
1941-03-12,56.0,0.0,3.0,,
1941-03-13,22.0,-22.0,5.0,,
1941-03-14,89.0,-94.0,0.0,,
1941-03-15,117.0,-89.0,0.0,,
1941-03-16,139.0,11.0,36.0,,
1941-03-17,139.0,-111.0,28.0,,
1941-03-18,-50.0,-139.0,0.0,,
1941-03-19,50.0,-139.0,0.0,,
1941-03-20,144.0,-28.0,0.0,,
1941-03-21,150.0,11.0,0.0,,
1941-03-22,133.0,-67.0,0.0,,
1941-03-23,211.0,-39.0,0.0,,
1941-03-24,200.0,-11.0,18.0,,
1941-03-25,122.0,6.0,0.0,,
1941-03-26,106.0,-83.0,0.0,,
1941-03-27,106.0,-50.0,0.0,,
1941-03-28,106.0,-17.0,0.0,,
1941-03-29,100.0,-22.0,0.0,,
1941-03-30,94.0,-117.0,0.0,,
1941-03-31,172.0,-33.0,0.0,,
1941-04-01,178.0,28.0,43.0,,0.0
1941-04-02,133.0,33.0,0.0,,0.0
1941-04-03,233.0,-56.0,0.0,,0.0
1941-04-04,233.0,67.0,25.0,,0.0
1941-04-05,172.0,56.0,25.0,,0.0
1941-04-06,189.0,67.0,25.0,,0.0
1941-04-07,194.0,11.0,0.0,,0.0
1941-04-08,217.0,-11.0,0.0,,0.0
1941-04-09,217.0,6.0,0.0,,0.0
1941-04-10,217.0,83.0,0.0,,0.0
1941-04-11,233.0,61.0,0.0,,0.0
1941-04-12,289.0,56.0,0.0,,0.0
1941-04-13,289.0,33.0,0.0,,0.0
1941-04-14,289.0,67.0,0.0,,0.0
1941-04-15,289.0,67.0,0.0,,0.0
1941-04-16,294.0,100.0,0.0,,0.0
1941-04-17,283.0,106.0,0.0,,0.0
1941-04-18,267.0,100.0,0.0,,0.0
1941-04-19,328.0,94.0,0.0,,0.0
1941-04-20,328.0,133.0,0.0,,0.0
1941-04-21,283.0,89.0,0.0,,0.0
1941-04-22,156.0,-11.0,0.0,,0.0
1941-04-23,194.0,56.0,25.0,,0.0
1941-04-24,117.0,89.0,140.0,,0.0
1941-04-25,156.0,-11.0,0.0,,0.0
1941-04-26,189.0,28.0,0.0,,0.0
1941-04-27,322.0,-17.0,0.0,,0.0
1941-04-28,317.0,28.0,0.0,,0.0
1941-04-29,289.0,6.0,0.0,,0.0
1941-04-30,289.0,33.0,0.0,,0.0
1941-05-01,267.0,56.0,0.0,,
1941-05-02,244.0,72.0,0.0,,
1941-05-03,244.0,28.0,0.0,,
1941-05-04,256.0,-11.0,0.0,,
1941-05-05,300.0,22.0,0.0,,
1941-05-06,333.0,89.0,0.0,,
1941-05-07,311.0,133.0,0.0,,
1941-05-08,194.0,100.0,102.0,,
1941-05-09,194.0,78.0,46.0,,
1941-05-10,156.0,17.0,0.0,,
1941-05-11,167.0,-28.0,0.0,,
1941-05-12,161.0,-6.0,0.0,,
1941-05-13,167.0,-33.0,0.0,,
1941-05-14,233.0,0.0,0.0,,
1941-05-15,272.0,72.0,0.0,,
1941-05-16,350.0,167.0,0.0,,
1941-05-17,222.0,139.0,366.0,,
1941-05-18,206.0,22.0,0.0,,
1941-05-19,267.0,17.0,0.0,,
1941-05-20,306.0,56.0,0.0,,
1941-05-21,328.0,78.0,0.0,,
1941-05-22,344.0,94.0,0.0,,
1941-05-23,344.0,139.0,66.0,,
1941-05-24,200.0,33.0,0.0,,
1941-05-25,278.0,11.0,0.0,,
1941-05-26,311.0,50.0,0.0,,
1941-05-27,317.0,156.0,0.0,,
1941-05-28,317.0,139.0,0.0,,
1941-05-29,317.0,144.0,0.0,,
1941-05-30,317.0,150.0,0.0,,
1941-05-31,256.0,133.0,94.0,,
1941-06-01,256.0,183.0,206.0,,
1941-06-02,233.0,178.0,25.0,,
1941-06-03,233.0,189.0,368.0,,
1941-06-04,256.0,167.0,340.0,,
1941-06-05,256.0,106.0,36.0,,
1941-06-06,256.0,83.0,0.0,,
1941-06-07,322.0,100.0,0.0,,
1941-06-08,322.0,189.0,10.0,,
1941-06-09,306.0,133.0,0.0,,
1941-06-10,267.0,156.0,0.0,,
1941-06-11,267.0,83.0,0.0,,
1941-06-12,294.0,156.0,74.0,,
1941-06-13,294.0,156.0,124.0,,
1941-06-14,256.0,139.0,5.0,,
1941-06-15,239.0,117.0,74.0,,
1941-06-16,244.0,133.0,23.0,,
1941-06-17,244.0,122.0,10.0,,
1941-06-18,261.0,111.0,0.0,,
1941-06-19,283.0,117.0,0.0,,
1941-06-20,300.0,128.0,0.0,,
1941-06-21,322.0,144.0,0.0,,
1941-06-22,333.0,156.0,0.0,,
1941-06-23,322.0,178.0,0.0,,
1941-06-24,283.0,156.0,749.0,,
1941-06-25,278.0,117.0,0.0,,
1941-06-26,328.0,122.0,0.0,,
1941-06-27,333.0,139.0,0.0,,
1941-06-28,344.0,133.0,0.0,,
1941-06-29,344.0,200.0,0.0,,
1941-06-30,333.0,183.0,33.0,,
1941-07-01,350.0,,13.0,,
1941-07-02,344.0,,0.0,,
1941-07-03,300.0,,124.0,,
1941-07-04,272.0,,147.0,,
1941-07-05,261.0,,58.0,,
1941-07-06,278.0,,28.0,,
1941-07-07,267.0,,97.0,,
1941-07-08,250.0,,46.0,,
1941-07-09,261.0,,0.0,,
1941-07-10,317.0,,0.0,,
1941-07-11,317.0,,0.0,,
1941-07-12,339.0,,15.0,,
1941-07-13,328.0,,48.0,,
1941-07-14,283.0,,0.0,,
1941-07-15,311.0,,48.0,,
1941-07-16,306.0,,15.0,,
1941-07-17,272.0,,0.0,,
1941-07-18,311.0,,0.0,,
1941-07-19,306.0,,130.0,,
1941-07-20,,,0.0,,
1941-07-21,261.0,,0.0,,
1941-07-22,289.0,,0.0,,
1941-07-23,300.0,,0.0,,
1941-07-24,317.0,,0.0,,
1941-07-25,333.0,,0.0,,
1941-07-26,333.0,,0.0,,
1941-07-27,356.0,,0.0,,
1941-07-28,361.0,,0.0,,
1941-07-29,361.0,,71.0,,
1941-07-30,356.0,,41.0,,
1941-07-31,350.0,,76.0,,
1941-08-01,322.0,228.0,0.0,,
1941-08-02,322.0,194.0,0.0,,
1941-08-03,317.0,189.0,0.0,,
1941-08-04,322.0,122.0,0.0,,
1941-08-05,322.0,139.0,0.0,,
1941-08-06,356.0,144.0,0.0,,
1941-08-07,317.0,,0.0,,
1941-08-08,339.0,106.0,0.0,,
1941-08-09,339.0,,0.0,,
1941-08-10,311.0,183.0,8.0,,
1941-08-11,339.0,133.0,0.0,,
1941-08-12,339.0,239.0,76.0,,
1941-08-13,283.0,61.0,0.0,,
1941-08-14,311.0,56.0,0.0,,
1941-08-15,311.0,161.0,0.0,,
1941-08-16,300.0,161.0,589.0,,
1941-08-17,294.0,100.0,0.0,,
1941-08-18,294.0,100.0,64.0,,
1941-08-19,206.0,178.0,259.0,,
1941-08-20,244.0,67.0,0.0,,
1941-08-21,217.0,106.0,0.0,,
1941-08-22,283.0,,0.0,,
1941-08-23,311.0,139.0,0.0,,
1941-08-24,322.0,156.0,0.0,,
1941-08-25,306.0,194.0,152.0,,
1941-08-26,239.0,200.0,251.0,,
1941-08-27,222.0,150.0,366.0,,
1941-08-28,250.0,111.0,0.0,,
1941-08-29,272.0,106.0,0.0,,
1941-08-30,311.0,144.0,0.0,,
1941-08-31,322.0,172.0,0.0,,
1941-09-01,228.0,183.0,28.0,,
1941-09-02,239.0,178.0,13.0,,
1941-09-03,317.0,183.0,0.0,,
1941-09-04,322.0,194.0,145.0,,
1941-09-05,294.0,200.0,71.0,,
1941-09-06,300.0,172.0,216.0,,
1941-09-07,294.0,144.0,15.0,,
1941-09-08,311.0,172.0,0.0,,
1941-09-09,344.0,178.0,0.0,,
1941-09-10,344.0,189.0,0.0,,
1941-09-11,306.0,72.0,191.0,,
1941-09-12,211.0,56.0,0.0,,
1941-09-13,256.0,39.0,0.0,,
1941-09-14,300.0,50.0,0.0,,
1941-09-15,289.0,56.0,0.0,,
1941-09-16,289.0,94.0,0.0,,
1941-09-17,283.0,144.0,0.0,,
1941-09-18,283.0,111.0,0.0,,
1941-09-19,261.0,72.0,0.0,,
1941-09-20,289.0,67.0,0.0,,
1941-09-21,267.0,44.0,0.0,,
1941-09-22,272.0,94.0,0.0,,
1941-09-23,278.0,56.0,0.0,,
1941-09-24,322.0,94.0,0.0,,
1941-09-25,322.0,106.0,0.0,,
1941-09-26,256.0,144.0,0.0,,
1941-09-27,256.0,67.0,0.0,,
1941-09-28,283.0,50.0,0.0,,
1941-09-29,289.0,122.0,0.0,,
1941-09-30,306.0,,0.0,,
1941-10-01,306.0,172.0,69.0,,
1941-10-02,267.0,172.0,0.0,,
1941-10-03,267.0,183.0,0.0,,
1941-10-04,256.0,200.0,71.0,,
1941-10-05,306.0,172.0,23.0,,
1941-10-06,306.0,189.0,0.0,,
1941-10-07,311.0,156.0,0.0,,
1941-10-08,311.0,94.0,0.0,,
1941-10-09,217.0,28.0,0.0,,
1941-10-10,217.0,133.0,23.0,,
1941-10-11,178.0,11.0,0.0,,
1941-10-12,239.0,0.0,0.0,,
1941-10-13,244.0,33.0,0.0,,
1941-10-14,244.0,78.0,0.0,,
1941-10-15,200.0,172.0,191.0,,
1941-10-16,183.0,56.0,0.0,,
1941-10-17,194.0,17.0,0.0,,
1941-10-18,200.0,100.0,71.0,,
1941-10-19,211.0,144.0,66.0,,
1941-10-20,233.0,89.0,0.0,,
1941-10-21,233.0,100.0,8.0,,
1941-10-22,211.0,67.0,0.0,,
1941-10-23,206.0,61.0,64.0,,
1941-10-24,167.0,0.0,0.0,,
1941-10-25,172.0,28.0,0.0,,
1941-10-26,194.0,-22.0,0.0,,
1941-10-27,200.0,106.0,25.0,,
1941-10-28,200.0,56.0,46.0,,
1941-10-29,139.0,-22.0,0.0,,
1941-10-30,183.0,11.0,0.0,,
1941-10-31,183.0,111.0,155.0,,
1941-11-01,156.0,-22.0,0.0,,0.0
1941-11-02,156.0,-17.0,0.0,,0.0
1941-11-03,239.0,28.0,0.0,,0.0
1941-11-04,206.0,-17.0,0.0,,0.0
1941-11-05,239.0,28.0,0.0,,0.0
1941-11-06,194.0,89.0,168.0,,0.0
1941-11-07,139.0,50.0,84.0,,0.0
1941-11-08,78.0,22.0,10.0,,0.0
1941-11-09,44.0,-33.0,0.0,,0.0
1941-11-10,0.0,-6.0,0.0,,0.0
1941-11-11,0.0,-22.0,0.0,,0.0
1941-11-12,28.0,0.0,0.0,,0.0
1941-11-13,128.0,-33.0,0.0,,0.0
1941-11-14,189.0,-56.0,0.0,,0.0
1941-11-15,189.0,-33.0,0.0,,0.0
1941-11-16,189.0,-22.0,0.0,,0.0
1941-11-17,189.0,-39.0,0.0,,0.0
1941-11-18,189.0,0.0,0.0,,0.0
1941-11-19,206.0,6.0,0.0,,0.0
1941-11-20,206.0,67.0,25.0,,0.0
1941-11-21,161.0,-17.0,0.0,,0.0
1941-11-22,100.0,-83.0,0.0,,0.0
1941-11-23,72.0,33.0,81.0,,0.0
1941-11-24,67.0,6.0,0.0,,0.0
1941-11-25,72.0,-94.0,0.0,,0.0
1941-11-26,83.0,-56.0,0.0,,0.0
1941-11-27,144.0,-61.0,0.0,,0.0
1941-11-28,144.0,-44.0,0.0,,0.0
1941-11-29,183.0,-50.0,0.0,,0.0
1941-11-30,183.0,-61.0,0.0,,0.0
1941-12-01,178.0,6.0,0.0,,
1941-12-02,172.0,50.0,79.0,,
1941-12-03,183.0,56.0,20.0,,
1941-12-04,172.0,50.0,41.0,,
1941-12-05,200.0,122.0,170.0,,
1941-12-06,200.0,39.0,0.0,,
1941-12-07,156.0,-78.0,0.0,,
1941-12-08,172.0,-44.0,0.0,,
1941-12-09,6.0,-44.0,13.0,,
1941-12-10,44.0,-61.0,0.0,,
1941-12-11,44.0,-111.0,0.0,,
1941-12-12,56.0,-22.0,0.0,,
1941-12-13,100.0,0.0,178.0,,
1941-12-14,89.0,-17.0,0.0,,
1941-12-15,89.0,-94.0,0.0,,
1941-12-16,83.0,-78.0,0.0,,
1941-12-17,78.0,0.0,0.0,,
1941-12-18,133.0,-50.0,0.0,,
1941-12-19,133.0,-17.0,0.0,,
1941-12-20,106.0,28.0,0.0,,
1941-12-21,111.0,-89.0,0.0,,
1941-12-22,133.0,-44.0,0.0,,
1941-12-23,167.0,22.0,58.0,,
1941-12-24,167.0,67.0,64.0,,
1941-12-25,72.0,39.0,0.0,,
1941-12-26,150.0,33.0,0.0,,
1941-12-27,100.0,17.0,0.0,,
1941-12-28,89.0,0.0,0.0,,
1941-12-29,100.0,-22.0,5.0,,
1941-12-30,22.0,-78.0,0.0,,
1941-12-31,39.0,-28.0,8.0,,
1942-01-01,122.0,0.0,114.0,,0.0
1942-01-02,122.0,-22.0,51.0,,0.0
1942-01-03,72.0,-72.0,0.0,,0.0
1942-01-04,17.0,-39.0,152.0,178.0,178.0
1942-01-05,11.0,-89.0,0.0,,0.0
1942-01-06,-78.0,-278.0,0.0,,0.0
1942-01-07,-78.0,-178.0,0.0,,0.0
1942-01-08,-94.0,-272.0,3.0,,3.0
1942-01-09,-44.0,-222.0,0.0,,0.0
1942-01-10,-39.0,-122.0,0.0,,0.0
1942-01-11,-22.0,-233.0,0.0,,0.0
1942-01-12,44.0,-128.0,0.0,,0.0
1942-01-13,44.0,6.0,0.0,,0.0
1942-01-14,83.0,-83.0,0.0,,0.0
1942-01-15,83.0,-11.0,0.0,,0.0
1942-01-16,50.0,-6.0,0.0,,0.0
1942-01-17,156.0,-100.0,0.0,,0.0
1942-01-18,183.0,-11.0,0.0,,0.0
1942-01-19,178.0,44.0,104.0,,0.0
1942-01-20,44.0,6.0,18.0,,
1942-01-21,33.0,0.0,0.0,,0.0
1942-01-22,33.0,-22.0,0.0,,0.0
1942-01-23,106.0,-11.0,0.0,,0.0
1942-01-24,161.0,-39.0,0.0,,0.0
1942-01-25,172.0,-22.0,0.0,,0.0
1942-01-26,167.0,6.0,0.0,,0.0
1942-01-27,106.0,-50.0,0.0,,0.0
1942-01-28,106.0,28.0,41.0,,0.0
1942-01-29,28.0,-39.0,0.0,,0.0
1942-01-30,144.0,-67.0,0.0,,0.0
1942-01-31,156.0,-11.0,10.0,,0.0
1942-02-01,128.0,-33.0,15.0,,15.0
1942-02-02,144.0,-78.0,25.0,,25.0
1942-02-03,-39.0,-194.0,0.0,,0.0
1942-02-04,78.0,-133.0,0.0,,0.0
1942-02-05,78.0,44.0,221.0,,0.0
1942-02-06,122.0,-28.0,5.0,,0.0
1942-02-07,122.0,28.0,140.0,,0.0
1942-02-08,89.0,-50.0,61.0,,61.0
1942-02-09,122.0,-172.0,0.0,,0.0
1942-02-10,28.0,-22.0,0.0,,0.0
1942-02-11,28.0,-11.0,0.0,,0.0
1942-02-12,,-50.0,0.0,,0.0
1942-02-13,6.0,,0.0,,0.0
1942-02-14,106.0,-122.0,0.0,,0.0
1942-02-15,150.0,-22.0,0.0,,0.0
1942-02-16,156.0,33.0,18.0,,0.0
1942-02-17,122.0,-6.0,102.0,,0.0
1942-02-18,67.0,-11.0,0.0,,0.0
1942-02-19,,-139.0,15.0,25.0,25.0
1942-02-20,-56.0,-139.0,0.0,,0.0
1942-02-21,-28.0,-100.0,0.0,,0.0
1942-02-22,22.0,-133.0,0.0,,0.0
1942-02-23,50.0,-128.0,0.0,,0.0
1942-02-24,111.0,-50.0,0.0,,0.0
1942-02-25,67.0,-44.0,0.0,,0.0
1942-02-26,0.0,-61.0,0.0,,0.0
1942-02-27,0.0,-22.0,0.0,,0.0
1942-02-28,22.0,-22.0,13.0,,13.0
1942-03-01,44.0,-28.0,0.0,,0.0
1942-03-02,61.0,-67.0,18.0,,0.0
1942-03-03,44.0,-17.0,216.0,356.0,356.0
1942-03-04,56.0,-17.0,25.0,406.0,51.0
1942-03-05,106.0,-56.0,0.0,,0.0
1942-03-06,94.0,-11.0,0.0,,0.0
1942-03-07,211.0,-44.0,0.0,,0.0
1942-03-08,194.0,-17.0,0.0,,0.0
1942-03-09,211.0,0.0,89.0,,0.0
1942-03-10,94.0,-6.0,0.0,,0.0
1942-03-11,189.0,-11.0,0.0,,0.0
1942-03-12,178.0,33.0,79.0,,0.0
1942-03-13,217.0,-22.0,0.0,,0.0
1942-03-14,222.0,78.0,135.0,,0.0
1942-03-15,228.0,56.0,0.0,,0.0
1942-03-16,256.0,56.0,0.0,,0.0
1942-03-17,250.0,156.0,5.0,,0.0
1942-03-18,200.0,39.0,0.0,,0.0
1942-03-19,106.0,11.0,28.0,,0.0
1942-03-20,183.0,-50.0,0.0,,0.0
1942-03-21,183.0,11.0,10.0,,0.0
1942-03-22,183.0,11.0,0.0,,0.0
1942-03-23,183.0,6.0,0.0,,0.0
1942-03-24,150.0,-61.0,0.0,,0.0
1942-03-25,211.0,-44.0,0.0,,0.0
1942-03-26,217.0,-11.0,0.0,,0.0
1942-03-27,217.0,28.0,0.0,,0.0
1942-03-28,183.0,6.0,53.0,,0.0
1942-03-29,189.0,11.0,0.0,,0.0
1942-03-30,189.0,-22.0,0.0,,0.0
1942-03-31,89.0,0.0,10.0,,0.0
1942-04-01,94.0,6.0,0.0,,
1942-04-02,183.0,-22.0,0.0,,
1942-04-03,200.0,83.0,5.0,,
1942-04-04,228.0,44.0,43.0,,
1942-04-05,289.0,11.0,0.0,,
1942-04-06,289.0,44.0,0.0,,
1942-04-07,289.0,89.0,0.0,,
1942-04-08,267.0,72.0,0.0,,
1942-04-09,139.0,72.0,353.0,,
1942-04-10,139.0,67.0,43.0,,
1942-04-11,72.0,11.0,20.0,,
1942-04-12,111.0,0.0,30.0,,
1942-04-13,128.0,-39.0,0.0,,
1942-04-14,206.0,-33.0,0.0,,
1942-04-15,250.0,22.0,0.0,,
1942-04-16,267.0,44.0,0.0,,
1942-04-17,267.0,67.0,25.0,,
1942-04-18,239.0,50.0,0.0,,
1942-04-19,189.0,94.0,0.0,,
1942-04-20,239.0,22.0,0.0,,
1942-04-21,183.0,-22.0,0.0,,
1942-04-22,200.0,-11.0,0.0,,
1942-04-23,239.0,0.0,0.0,,
1942-04-24,278.0,11.0,0.0,,
1942-04-25,289.0,28.0,0.0,,
1942-04-26,300.0,50.0,0.0,,
1942-04-27,294.0,111.0,0.0,,
1942-04-28,311.0,89.0,0.0,,
1942-04-29,267.0,144.0,64.0,,
1942-04-30,322.0,78.0,0.0,,
1942-05-01,333.0,94.0,0.0,,
1942-05-02,333.0,139.0,0.0,,
1942-05-03,333.0,128.0,0.0,,
1942-05-04,311.0,156.0,25.0,,
1942-05-05,222.0,44.0,0.0,,
1942-05-06,222.0,61.0,13.0,,
1942-05-07,194.0,111.0,127.0,,
1942-05-08,156.0,78.0,0.0,,
1942-05-09,211.0,89.0,0.0,,
1942-05-10,189.0,89.0,0.0,,
1942-05-11,261.0,39.0,0.0,,
1942-05-12,289.0,78.0,0.0,,
1942-05-13,306.0,94.0,3.0,,
1942-05-14,311.0,117.0,0.0,,
1942-05-15,289.0,144.0,20.0,,
1942-05-16,222.0,111.0,356.0,,
1942-05-17,233.0,44.0,0.0,,
1942-05-18,311.0,78.0,0.0,,
1942-05-19,300.0,161.0,13.0,,
1942-05-20,250.0,150.0,46.0,,
1942-05-21,239.0,128.0,41.0,,
1942-05-22,133.0,122.0,188.0,,
1942-05-23,211.0,100.0,28.0,,
1942-05-24,211.0,56.0,0.0,,
1942-05-25,211.0,72.0,0.0,,
1942-05-26,256.0,44.0,0.0,,
1942-05-27,261.0,128.0,0.0,,
1942-05-28,306.0,89.0,0.0,,
1942-05-29,311.0,122.0,0.0,,
1942-05-30,322.0,139.0,0.0,,
1942-05-31,333.0,156.0,0.0,,
1942-06-01,333.0,156.0,0.0,,
1942-06-02,333.0,161.0,0.0,,
1942-06-03,322.0,156.0,114.0,,
1942-06-04,311.0,133.0,18.0,,
1942-06-05,306.0,178.0,0.0,,
1942-06-06,333.0,128.0,0.0,,
1942-06-07,322.0,167.0,0.0,,
1942-06-08,333.0,178.0,127.0,,
1942-06-09,322.0,172.0,0.0,,
1942-06-10,317.0,183.0,0.0,,
1942-06-11,328.0,183.0,107.0,,
1942-06-12,333.0,178.0,152.0,,
1942-06-13,328.0,206.0,353.0,,
1942-06-14,311.0,156.0,127.0,,
1942-06-15,233.0,139.0,18.0,,
1942-06-16,267.0,100.0,0.0,,
1942-06-17,283.0,122.0,0.0,,
1942-06-18,278.0,106.0,0.0,,
1942-06-19,283.0,172.0,69.0,,
1942-06-20,333.0,183.0,0.0,,
1942-06-21,350.0,178.0,0.0,,
1942-06-22,322.0,172.0,302.0,,
1942-06-23,311.0,161.0,58.0,,
1942-06-24,244.0,89.0,0.0,,
1942-06-25,261.0,78.0,0.0,,
1942-06-26,256.0,128.0,15.0,,
1942-06-27,300.0,167.0,287.0,,
1942-06-28,328.0,144.0,0.0,,
1942-06-29,322.0,156.0,0.0,,
1942-06-30,328.0,161.0,0.0,,
1942-07-01,317.0,183.0,33.0,,
1942-07-02,244.0,161.0,58.0,,
1942-07-03,294.0,150.0,0.0,,
1942-07-04,306.0,128.0,0.0,,
1942-07-05,306.0,167.0,244.0,,
1942-07-06,306.0,167.0,112.0,,
1942-07-07,256.0,128.0,137.0,,
1942-07-08,256.0,100.0,0.0,,
1942-07-09,294.0,156.0,0.0,,
1942-07-10,294.0,122.0,163.0,,
1942-07-11,306.0,200.0,71.0,,
1942-07-12,322.0,211.0,0.0,,
1942-07-13,333.0,156.0,0.0,,
1942-07-14,333.0,200.0,0.0,,
1942-07-15,317.0,144.0,0.0,,
1942-07-16,322.0,150.0,0.0,,
1942-07-17,356.0,183.0,0.0,,
1942-07-18,361.0,178.0,0.0,,
1942-07-19,356.0,206.0,0.0,,
1942-07-20,356.0,211.0,236.0,,
1942-07-21,294.0,194.0,10.0,,
1942-07-22,300.0,161.0,25.0,,
1942-07-23,300.0,167.0,0.0,,
1942-07-24,300.0,156.0,0.0,,
1942-07-25,317.0,189.0,0.0,,
1942-07-26,311.0,172.0,15.0,,
1942-07-27,317.0,172.0,0.0,,
1942-07-28,300.0,178.0,0.0,,
1942-07-29,317.0,178.0,0.0,,
1942-07-30,317.0,194.0,0.0,,
1942-07-31,311.0,183.0,0.0,,
1942-08-01,,,0.0,,
1942-08-02,,,0.0,,
1942-08-03,,,231.0,,
1942-08-04,,,0.0,,
1942-08-05,,,94.0,,
1942-08-06,,,0.0,,
1942-08-07,,,0.0,,
1942-08-08,,,401.0,,
1942-08-09,,,178.0,,
1942-08-10,,,274.0,,
1942-08-11,,,0.0,,
1942-08-12,,,69.0,,
1942-08-13,,,0.0,,
1942-08-14,,,0.0,,
1942-08-15,,,0.0,,
1942-08-16,,,0.0,,
1942-08-17,,,38.0,,
1942-08-18,,,0.0,,
1942-08-19,,,0.0,,
1942-08-20,,,0.0,,
1942-08-21,,,132.0,,
1942-08-22,,,13.0,,
1942-08-23,,,241.0,,
1942-08-24,,,145.0,,
1942-08-25,,,0.0,,
1942-08-26,,,0.0,,
1942-08-27,,,0.0,,
1942-08-28,,,0.0,,
1942-08-29,,,51.0,,
1942-08-30,,,0.0,,
1942-08-31,,,0.0,,
1942-09-01,294.0,89.0,0.0,,
1942-09-02,311.0,133.0,0.0,,
1942-09-03,306.0,150.0,0.0,,
1942-09-04,289.0,94.0,0.0,,
1942-09-05,278.0,150.0,0.0,,
1942-09-06,300.0,106.0,0.0,,
1942-09-07,300.0,156.0,213.0,,
1942-09-08,294.0,178.0,185.0,,
1942-09-09,317.0,178.0,76.0,,
1942-09-10,306.0,183.0,165.0,,
1942-09-11,244.0,167.0,0.0,,
1942-09-12,267.0,139.0,0.0,,
1942-09-13,267.0,161.0,0.0,,
1942-09-14,322.0,156.0,0.0,,
1942-09-15,333.0,200.0,0.0,,
1942-09-16,300.0,183.0,76.0,,
1942-09-17,294.0,194.0,30.0,,
1942-09-18,311.0,200.0,36.0,,
1942-09-19,294.0,183.0,61.0,,
1942-09-20,267.0,139.0,61.0,,
1942-09-21,200.0,39.0,0.0,,
1942-09-22,211.0,39.0,0.0,,
1942-09-23,233.0,100.0,0.0,,
1942-09-24,222.0,72.0,18.0,,
1942-09-25,189.0,6.0,0.0,,
1942-09-26,239.0,50.0,0.0,,
1942-09-27,206.0,83.0,376.0,,
1942-09-28,139.0,6.0,0.0,,
1942-09-29,172.0,-28.0,0.0,,
1942-09-30,222.0,-6.0,0.0,,
1942-10-01,239.0,39.0,0.0,,
1942-10-02,267.0,67.0,0.0,,
1942-10-03,267.0,89.0,0.0,,
1942-10-04,256.0,128.0,20.0,,
1942-10-05,183.0,156.0,76.0,,
1942-10-06,194.0,83.0,89.0,,
1942-10-07,244.0,33.0,0.0,,
1942-10-08,306.0,50.0,0.0,,
1942-10-09,261.0,50.0,0.0,,
1942-10-10,267.0,72.0,0.0,,
1942-10-11,267.0,83.0,0.0,,
1942-10-12,250.0,50.0,0.0,,
1942-10-13,239.0,89.0,28.0,,
1942-10-14,178.0,117.0,165.0,,
1942-10-15,167.0,133.0,122.0,,
1942-10-16,178.0,150.0,25.0,,
1942-10-17,244.0,100.0,0.0,,
1942-10-18,233.0,117.0,0.0,,
1942-10-19,206.0,17.0,0.0,,
1942-10-20,233.0,17.0,0.0,,
1942-10-21,217.0,78.0,122.0,,
1942-10-22,183.0,56.0,43.0,,
1942-10-23,183.0,83.0,71.0,,
1942-10-24,244.0,6.0,0.0,,
1942-10-25,206.0,28.0,0.0,,
1942-10-26,200.0,6.0,147.0,,
1942-10-27,67.0,-44.0,0.0,,
1942-10-28,183.0,-67.0,0.0,,
1942-10-29,250.0,11.0,0.0,,
1942-10-30,250.0,56.0,0.0,,
1942-10-31,256.0,78.0,0.0,,
1942-11-01,239.0,61.0,3.0,,
1942-11-02,256.0,0.0,13.0,,
1942-11-03,50.0,11.0,155.0,,
1942-11-04,128.0,-56.0,0.0,,
1942-11-05,139.0,-50.0,0.0,,
1942-11-06,144.0,56.0,23.0,,
1942-11-07,156.0,83.0,0.0,,
1942-11-08,156.0,78.0,0.0,,
1942-11-09,211.0,72.0,0.0,,
1942-11-10,211.0,78.0,127.0,,
1942-11-11,78.0,-11.0,0.0,,
1942-11-12,100.0,6.0,0.0,,
1942-11-13,122.0,44.0,0.0,,
1942-11-14,72.0,-72.0,0.0,,
1942-11-15,194.0,-89.0,0.0,,
1942-11-16,206.0,-39.0,0.0,,
1942-11-17,161.0,0.0,0.0,,
1942-11-18,178.0,56.0,41.0,,
1942-11-19,211.0,94.0,8.0,,
1942-11-20,244.0,94.0,0.0,,
1942-11-21,217.0,111.0,53.0,,
1942-11-22,200.0,44.0,48.0,,
1942-11-23,233.0,61.0,157.0,,
1942-11-24,150.0,44.0,140.0,,
1942-11-25,50.0,22.0,56.0,,
1942-11-26,122.0,-50.0,13.0,,
1942-11-27,83.0,-39.0,0.0,,
1942-11-28,72.0,-72.0,0.0,,
1942-11-29,89.0,-28.0,165.0,,
1942-11-30,89.0,22.0,38.0,,
1942-12-01,106.0,-39.0,18.0,,0.0
1942-12-02,122.0,-94.0,178.0,,25.0
1942-12-03,-44.0,-133.0,0.0,,0.0
1942-12-04,-11.0,-117.0,0.0,,0.0
1942-12-05,6.0,-117.0,0.0,,0.0
1942-12-06,33.0,-28.0,20.0,,0.0
1942-12-07,22.0,-17.0,0.0,,0.0
1942-12-08,56.0,-39.0,0.0,,0.0
1942-12-09,56.0,6.0,0.0,,0.0
1942-12-10,83.0,-22.0,0.0,,0.0
1942-12-11,83.0,33.0,0.0,,0.0
1942-12-12,89.0,-39.0,0.0,,0.0
1942-12-13,83.0,-106.0,13.0,,0.0
1942-12-14,83.0,-150.0,0.0,,0.0
1942-12-15,72.0,-33.0,0.0,,0.0
1942-12-16,72.0,-44.0,107.0,,0.0
1942-12-17,-6.0,-111.0,0.0,,0.0
1942-12-18,67.0,-22.0,25.0,,25.0
1942-12-19,17.0,-61.0,0.0,,0.0
1942-12-20,17.0,-100.0,196.0,,229.0
1942-12-21,17.0,-267.0,114.0,,0.0
1942-12-22,72.0,-139.0,89.0,,0.0
1942-12-23,72.0,22.0,74.0,,0.0
1942-12-24,67.0,17.0,0.0,,0.0
1942-12-25,72.0,-56.0,8.0,,0.0
1942-12-26,167.0,39.0,15.0,,0.0
1942-12-27,167.0,17.0,10.0,,0.0
1942-12-28,167.0,111.0,351.0,,0.0
1942-12-29,167.0,117.0,173.0,,0.0
1942-12-30,167.0,6.0,147.0,,0.0
1942-12-31,17.0,0.0,36.0,,0.0
1943-01-01,17.0,-50.0,13.0,,0.0
1943-01-02,156.0,17.0,0.0,,0.0
1943-01-03,189.0,28.0,0.0,,0.0
1943-01-04,200.0,-39.0,25.0,,25.0
1943-01-05,-17.0,-61.0,0.0,,0.0
1943-01-06,-6.0,-128.0,0.0,,0.0
1943-01-07,17.0,-22.0,8.0,,8.0
1943-01-08,17.0,-50.0,13.0,,13.0
1943-01-09,11.0,-33.0,20.0,,10.0
1943-01-10,44.0,-22.0,25.0,,0.0
1943-01-11,56.0,-11.0,0.0,,0.0
1943-01-12,56.0,-28.0,0.0,,0.0
1943-01-13,39.0,-128.0,0.0,,0.0
1943-01-14,56.0,-117.0,0.0,,0.0
1943-01-15,83.0,17.0,0.0,,0.0
1943-01-16,178.0,17.0,0.0,,0.0
1943-01-17,172.0,100.0,318.0,,0.0
1943-01-18,189.0,67.0,127.0,,0.0
1943-01-19,189.0,-72.0,64.0,,0.0
1943-01-20,-39.0,-156.0,0.0,,0.0
1943-01-21,56.0,-128.0,0.0,,0.0
1943-01-22,111.0,-78.0,0.0,,0.0
1943-01-23,200.0,-22.0,0.0,,0.0
1943-01-24,228.0,11.0,0.0,,0.0
1943-01-25,222.0,33.0,0.0,,0.0
1943-01-26,144.0,-44.0,157.0,152.0,152.0
1943-01-27,17.0,-50.0,160.0,,102.0
1943-01-28,17.0,-11.0,147.0,,127.0
1943-01-29,89.0,-78.0,0.0,,0.0
1943-01-30,78.0,0.0,18.0,,25.0
1943-01-31,128.0,11.0,0.0,,0.0
1943-02-01,128.0,-11.0,28.0,,0.0
1943-02-02,39.0,-117.0,0.0,,0.0
1943-02-03,89.0,-111.0,0.0,,0.0
1943-02-04,183.0,17.0,36.0,,0.0
1943-02-05,161.0,-17.0,33.0,,0.0
1943-02-06,161.0,56.0,76.0,,0.0
1943-02-07,161.0,-28.0,0.0,,0.0
1943-02-08,156.0,-56.0,0.0,,0.0
1943-02-09,156.0,-22.0,0.0,,0.0
1943-02-10,194.0,6.0,5.0,,0.0
1943-02-11,194.0,-39.0,152.0,51.0,51.0
1943-02-12,17.0,-106.0,0.0,,0.0
1943-02-13,17.0,-39.0,25.0,51.0,0.0
1943-02-14,-11.0,-156.0,15.0,51.0,0.0
1943-02-15,17.0,-217.0,0.0,,0.0
1943-02-16,-56.0,-189.0,0.0,,0.0
1943-02-17,17.0,-167.0,0.0,,0.0
1943-02-18,56.0,-150.0,0.0,,0.0
1943-02-19,139.0,-117.0,0.0,,0.0
1943-02-20,178.0,-11.0,0.0,,0.0
1943-02-21,183.0,67.0,15.0,,0.0
1943-02-22,183.0,17.0,0.0,,0.0
1943-02-23,206.0,-33.0,0.0,,0.0
1943-02-24,222.0,0.0,38.0,,0.0
1943-02-25,111.0,0.0,0.0,,0.0
1943-02-26,44.0,-39.0,3.0,,0.0
1943-02-27,11.0,-100.0,20.0,25.0,25.0
1943-02-28,122.0,-33.0,0.0,,0.0
1943-03-01,111.0,-100.0,0.0,,0.0
1943-03-02,111.0,-56.0,0.0,,0.0
1943-03-03,-6.0,-111.0,38.0,76.0,76.0
1943-03-04,-39.0,-244.0,0.0,,0.0
1943-03-05,61.0,-139.0,0.0,,0.0
1943-03-06,100.0,28.0,201.0,,0.0
1943-03-07,89.0,-78.0,15.0,25.0,25.0
1943-03-08,-33.0,-139.0,0.0,,0.0
1943-03-09,128.0,-133.0,0.0,,0.0
1943-03-10,206.0,-56.0,0.0,,0.0
1943-03-11,189.0,94.0,56.0,,0.0
1943-03-12,117.0,17.0,107.0,,0.0
1943-03-13,106.0,28.0,168.0,,0.0
1943-03-14,189.0,-33.0,0.0,,0.0
1943-03-15,211.0,0.0,0.0,,0.0
1943-03-16,256.0,-33.0,0.0,,0.0
1943-03-17,244.0,33.0,107.0,,0.0
1943-03-18,194.0,-44.0,0.0,,0.0
1943-03-19,250.0,67.0,312.0,,0.0
1943-03-20,144.0,33.0,132.0,,0.0
1943-03-21,106.0,-17.0,0.0,,0.0
1943-03-22,72.0,-22.0,0.0,,0.0
1943-03-23,72.0,-83.0,0.0,,0.0
1943-03-24,156.0,-78.0,0.0,,0.0
1943-03-25,183.0,11.0,0.0,,0.0
1943-03-26,183.0,89.0,0.0,,0.0
1943-03-27,156.0,72.0,107.0,,0.0
1943-03-28,100.0,-33.0,0.0,,0.0
1943-03-29,156.0,-78.0,0.0,,0.0
1943-03-30,233.0,-44.0,0.0,,0.0
1943-03-31,244.0,6.0,0.0,,0.0
1943-04-01,244.0,56.0,81.0,,0.0
1943-04-02,156.0,44.0,0.0,,0.0
1943-04-03,100.0,-39.0,0.0,,0.0
1943-04-04,106.0,-39.0,0.0,,0.0
1943-04-05,156.0,39.0,0.0,,0.0
1943-04-06,128.0,-33.0,0.0,,0.0
1943-04-07,178.0,-56.0,0.0,,0.0
1943-04-08,211.0,106.0,0.0,,0.0
1943-04-09,239.0,-22.0,0.0,,0.0
1943-04-10,250.0,89.0,38.0,,0.0
1943-04-11,156.0,-44.0,0.0,,0.0
1943-04-12,200.0,17.0,114.0,,0.0
1943-04-13,89.0,6.0,140.0,,0.0
1943-04-14,28.0,-39.0,74.0,51.0,51.0
1943-04-15,33.0,-33.0,28.0,51.0,0.0
1943-04-16,178.0,-44.0,0.0,,0.0
1943-04-17,183.0,89.0,152.0,,0.0
1943-04-18,178.0,22.0,20.0,,0.0
1943-04-19,178.0,39.0,201.0,,0.0
1943-04-20,133.0,67.0,51.0,,0.0
1943-04-21,139.0,28.0,46.0,,0.0
1943-04-22,150.0,39.0,0.0,,0.0
1943-04-23,211.0,-17.0,0.0,,0.0
1943-04-24,222.0,39.0,0.0,,0.0
1943-04-25,250.0,22.0,0.0,,0.0
1943-04-26,250.0,106.0,10.0,,0.0
1943-04-27,267.0,56.0,13.0,,0.0
1943-04-28,267.0,133.0,0.0,,0.0
1943-04-29,206.0,-11.0,0.0,,0.0
1943-04-30,244.0,83.0,48.0,,0.0
1943-05-01,211.0,33.0,0.0,,
1943-05-02,217.0,-39.0,0.0,,
1943-05-03,239.0,111.0,30.0,,
1943-05-04,189.0,67.0,0.0,,
1943-05-05,250.0,6.0,0.0,,
1943-05-06,300.0,67.0,25.0,,
1943-05-07,300.0,111.0,61.0,,
1943-05-08,267.0,111.0,127.0,,
1943-05-09,278.0,117.0,122.0,,
1943-05-10,300.0,156.0,0.0,,
1943-05-11,294.0,150.0,38.0,,
1943-05-12,300.0,111.0,216.0,,
1943-05-13,267.0,83.0,0.0,,
1943-05-14,233.0,83.0,23.0,,
1943-05-15,239.0,89.0,43.0,,
1943-05-16,306.0,128.0,0.0,,
1943-05-17,322.0,139.0,0.0,,
1943-05-18,311.0,144.0,0.0,,
1943-05-19,322.0,139.0,0.0,,
1943-05-20,311.0,150.0,0.0,,
1943-05-21,250.0,172.0,0.0,,
1943-05-22,239.0,67.0,0.0,,
1943-05-23,244.0,56.0,0.0,,
1943-05-24,250.0,89.0,20.0,,
1943-05-25,233.0,167.0,119.0,,
1943-05-26,244.0,117.0,130.0,,
1943-05-27,267.0,78.0,0.0,,
1943-05-28,256.0,144.0,36.0,,
1943-05-29,244.0,67.0,0.0,,
1943-05-30,294.0,122.0,0.0,,
1943-05-31,300.0,161.0,0.0,,
1943-06-01,311.0,178.0,28.0,,
1943-06-02,317.0,178.0,0.0,,
1943-06-03,328.0,183.0,0.0,,
1943-06-04,339.0,156.0,0.0,,
1943-06-05,333.0,178.0,0.0,,
1943-06-06,333.0,183.0,33.0,,
1943-06-07,311.0,167.0,10.0,,
1943-06-08,261.0,161.0,0.0,,
1943-06-09,272.0,156.0,13.0,,
1943-06-10,278.0,128.0,0.0,,
1943-06-11,289.0,167.0,0.0,,
1943-06-12,339.0,144.0,0.0,,
1943-06-13,344.0,161.0,0.0,,
1943-06-14,333.0,161.0,28.0,,
1943-06-15,333.0,183.0,147.0,,
1943-06-16,289.0,183.0,0.0,,
1943-06-17,328.0,183.0,0.0,,
1943-06-18,328.0,167.0,0.0,,
1943-06-19,317.0,128.0,0.0,,
1943-06-20,322.0,128.0,0.0,,
1943-06-21,333.0,144.0,0.0,,
1943-06-22,328.0,172.0,132.0,,
1943-06-23,344.0,156.0,0.0,,
1943-06-24,333.0,161.0,0.0,,
1943-06-25,350.0,183.0,0.0,,
1943-06-26,350.0,183.0,0.0,,
1943-06-27,350.0,200.0,0.0,,
1943-06-28,350.0,183.0,41.0,,
1943-06-29,350.0,200.0,206.0,,
1943-06-30,267.0,83.0,0.0,,
1943-07-01,272.0,78.0,0.0,,
1943-07-02,289.0,83.0,0.0,,
1943-07-03,267.0,106.0,0.0,,
1943-07-04,283.0,189.0,97.0,,
1943-07-05,272.0,200.0,201.0,,
1943-07-06,294.0,178.0,0.0,,
1943-07-07,300.0,161.0,0.0,,
1943-07-08,311.0,189.0,175.0,,
1943-07-09,317.0,183.0,36.0,,
1943-07-10,322.0,183.0,0.0,,
1943-07-11,333.0,172.0,0.0,,
1943-07-12,333.0,178.0,38.0,,
1943-07-13,300.0,167.0,246.0,,
1943-07-14,322.0,183.0,0.0,,
1943-07-15,322.0,200.0,0.0,,
1943-07-16,333.0,144.0,0.0,,
1943-07-17,344.0,156.0,13.0,,
1943-07-18,328.0,106.0,127.0,,
1943-07-19,339.0,133.0,0.0,,
1943-07-20,333.0,178.0,0.0,,
1943-07-21,333.0,172.0,10.0,,
1943-07-22,328.0,183.0,180.0,,
1943-07-23,294.0,144.0,0.0,,
1943-07-24,350.0,133.0,0.0,,
1943-07-25,361.0,111.0,0.0,,
1943-07-26,311.0,156.0,305.0,,
1943-07-27,322.0,178.0,0.0,,
1943-07-28,367.0,178.0,188.0,,
1943-07-29,289.0,161.0,241.0,,
1943-07-30,267.0,178.0,66.0,,
1943-07-31,356.0,172.0,0.0,,
1943-08-01,350.0,156.0,0.0,,
1943-08-02,333.0,150.0,0.0,,
1943-08-03,317.0,167.0,18.0,,
1943-08-04,317.0,200.0,51.0,,
1943-08-05,311.0,194.0,91.0,,
1943-08-06,289.0,156.0,0.0,,
1943-08-07,311.0,139.0,0.0,,
1943-08-08,311.0,150.0,0.0,,
1943-08-09,333.0,150.0,0.0,,
1943-08-10,328.0,194.0,8.0,,
1943-08-11,328.0,128.0,0.0,,
1943-08-12,350.0,139.0,0.0,,
1943-08-13,339.0,206.0,10.0,,
1943-08-14,344.0,200.0,251.0,,
1943-08-15,300.0,128.0,0.0,,
1943-08-16,311.0,139.0,53.0,,
1943-08-17,222.0,128.0,226.0,,
1943-08-18,244.0,122.0,0.0,,
1943-08-19,250.0,94.0,0.0,,
1943-08-20,289.0,78.0,0.0,,
1943-08-21,278.0,89.0,38.0,,
1943-08-22,300.0,133.0,0.0,,
1943-08-23,333.0,122.0,0.0,,
1943-08-24,322.0,178.0,10.0,,
1943-08-25,339.0,178.0,0.0,,
1943-08-26,333.0,211.0,38.0,,
1943-08-27,311.0,200.0,241.0,,
1943-08-28,294.0,128.0,0.0,,
1943-08-29,294.0,144.0,0.0,,
1943-08-30,289.0,117.0,0.0,,
1943-08-31,317.0,117.0,0.0,,
1943-09-01,344.0,156.0,0.0,,
1943-09-02,339.0,178.0,8.0,,
1943-09-03,267.0,189.0,51.0,,
1943-09-04,317.0,194.0,15.0,,
1943-09-05,317.0,172.0,0.0,,
1943-09-06,344.0,194.0,20.0,,
1943-09-07,339.0,167.0,86.0,,
1943-09-08,272.0,100.0,0.0,,
1943-09-09,272.0,94.0,0.0,,
1943-09-10,239.0,39.0,0.0,,
1943-09-11,267.0,33.0,0.0,,
1943-09-12,244.0,67.0,0.0,,
1943-09-13,289.0,33.0,0.0,,
1943-09-14,289.0,22.0,0.0,,
1943-09-15,283.0,106.0,0.0,,
1943-09-16,283.0,111.0,23.0,,
1943-09-17,211.0,50.0,0.0,,
1943-09-18,217.0,22.0,0.0,,
1943-09-19,244.0,28.0,0.0,,
1943-09-20,256.0,89.0,0.0,,
1943-09-21,239.0,111.0,0.0,,
1943-09-22,272.0,78.0,0.0,,
1943-09-23,267.0,100.0,0.0,,
1943-09-24,211.0,61.0,18.0,,
1943-09-25,161.0,39.0,0.0,,
1943-09-26,189.0,44.0,0.0,,
1943-09-27,256.0,0.0,0.0,,
1943-09-28,289.0,28.0,0.0,,
1943-09-29,306.0,33.0,0.0,,
1943-09-30,294.0,44.0,0.0,,
1943-10-01,261.0,78.0,0.0,,
1943-10-02,233.0,83.0,0.0,,
1943-10-03,228.0,44.0,0.0,,
1943-10-04,239.0,17.0,0.0,,
1943-10-05,172.0,-28.0,0.0,,
1943-10-06,222.0,-28.0,0.0,,
1943-10-07,233.0,-17.0,0.0,,
1943-10-08,267.0,0.0,0.0,,
1943-10-09,256.0,22.0,0.0,,
1943-10-10,250.0,17.0,0.0,,
1943-10-11,256.0,28.0,0.0,,
1943-10-12,283.0,33.0,0.0,,
1943-10-13,272.0,11.0,0.0,,
1943-10-14,261.0,139.0,38.0,,
1943-10-15,194.0,139.0,10.0,,
1943-10-16,156.0,44.0,185.0,,
1943-10-17,189.0,33.0,13.0,,
1943-10-18,250.0,11.0,15.0,,
1943-10-19,200.0,17.0,0.0,,
1943-10-20,189.0,-17.0,0.0,,
1943-10-21,283.0,-17.0,0.0,,
1943-10-22,256.0,0.0,0.0,,
1943-10-23,194.0,-6.0,0.0,,
1943-10-24,200.0,44.0,0.0,,
1943-10-25,144.0,56.0,69.0,,
1943-10-26,111.0,67.0,18.0,,
1943-10-27,100.0,50.0,0.0,,
1943-10-28,106.0,11.0,13.0,,
1943-10-29,183.0,39.0,0.0,,
1943-10-30,156.0,117.0,0.0,,
1943-10-31,228.0,83.0,0.0,,
1943-11-01,267.0,56.0,0.0,,0.0
1943-11-02,156.0,94.0,262.0,,0.0
1943-11-03,67.0,22.0,137.0,,0.0
1943-11-04,100.0,-28.0,0.0,,0.0
1943-11-05,150.0,-44.0,0.0,,0.0
1943-11-06,222.0,-17.0,0.0,,0.0
1943-11-07,244.0,44.0,0.0,,0.0
1943-11-08,239.0,89.0,102.0,,0.0
1943-11-09,100.0,11.0,13.0,,0.0
1943-11-10,28.0,0.0,5.0,,0.0
1943-11-11,28.0,-50.0,58.0,127.0,127.0
1943-11-12,89.0,-78.0,0.0,,0.0
1943-11-13,144.0,6.0,0.0,,0.0
1943-11-14,89.0,-106.0,0.0,,0.0
1943-11-15,161.0,-22.0,0.0,,0.0
1943-11-16,161.0,11.0,66.0,,0.0
1943-11-17,150.0,-6.0,0.0,,0.0
1943-11-18,156.0,-72.0,0.0,,0.0
1943-11-19,194.0,-6.0,0.0,,0.0
1943-11-20,183.0,-11.0,0.0,,0.0
1943-11-21,189.0,-39.0,0.0,,0.0
1943-11-22,183.0,28.0,36.0,,0.0
1943-11-23,67.0,-11.0,0.0,,0.0
1943-11-24,56.0,-83.0,0.0,,0.0
1943-11-25,144.0,-83.0,0.0,,0.0
1943-11-26,161.0,-67.0,0.0,,0.0
1943-11-27,144.0,22.0,0.0,,0.0
1943-11-28,133.0,-78.0,0.0,,0.0
1943-11-29,106.0,-106.0,0.0,,0.0
1943-11-30,128.0,-89.0,0.0,,0.0
1943-12-01,133.0,-83.0,0.0,,0.0
1943-12-02,144.0,-67.0,0.0,,0.0
1943-12-03,144.0,33.0,20.0,,0.0
1943-12-04,144.0,33.0,0.0,,0.0
1943-12-05,122.0,-28.0,0.0,,0.0
1943-12-06,144.0,-17.0,10.0,,0.0
1943-12-07,122.0,44.0,53.0,,0.0
1943-12-08,161.0,56.0,0.0,,0.0
1943-12-09,156.0,94.0,23.0,,0.0
1943-12-10,100.0,0.0,38.0,,0.0
1943-12-11,33.0,-39.0,0.0,,0.0
1943-12-12,72.0,-67.0,0.0,,0.0
1943-12-13,83.0,-78.0,8.0,,0.0
1943-12-14,-17.0,-117.0,0.0,,0.0
1943-12-15,-11.0,-150.0,0.0,,0.0
1943-12-16,-22.0,-183.0,0.0,,0.0
1943-12-17,50.0,-178.0,0.0,,0.0
1943-12-18,56.0,-128.0,0.0,,0.0
1943-12-19,78.0,-128.0,0.0,,0.0
1943-12-20,56.0,-22.0,0.0,,0.0
1943-12-21,106.0,-111.0,0.0,,0.0
1943-12-22,89.0,-67.0,0.0,,0.0
1943-12-23,0.0,-167.0,0.0,,0.0
1943-12-24,-61.0,-183.0,0.0,,0.0
1943-12-25,22.0,-100.0,10.0,,0.0
1943-12-26,100.0,-6.0,251.0,,0.0
1943-12-27,100.0,44.0,28.0,,0.0
1943-12-28,56.0,6.0,5.0,,0.0
1943-12-29,6.0,-50.0,56.0,,56.0
1943-12-30,6.0,-44.0,0.0,,0.0
1943-12-31,6.0,-56.0,0.0,,0.0
1944-01-01,44.0,-67.0,0.0,,0.0
1944-01-02,61.0,-78.0,0.0,,0.0
1944-01-03,72.0,6.0,218.0,,0.0
1944-01-04,150.0,17.0,0.0,,0.0
1944-01-05,228.0,-11.0,0.0,,0.0
1944-01-06,100.0,-56.0,53.0,25.0,25.0
1944-01-07,44.0,-78.0,0.0,,0.0
1944-01-08,44.0,-117.0,8.0,25.0,13.0
1944-01-09,44.0,-189.0,0.0,,0.0
1944-01-10,44.0,-167.0,0.0,,0.0
1944-01-11,78.0,-128.0,0.0,,0.0
1944-01-12,78.0,-67.0,0.0,,0.0
1944-01-13,-11.0,-150.0,0.0,,0.0
1944-01-14,44.0,-144.0,0.0,,0.0
1944-01-15,39.0,-83.0,13.0,,0.0
1944-01-16,44.0,-39.0,173.0,127.0,127.0
1944-01-17,89.0,-117.0,0.0,,0.0
1944-01-18,100.0,-67.0,0.0,,0.0
1944-01-19,111.0,-56.0,0.0,,0.0
1944-01-20,94.0,-22.0,0.0,,0.0
1944-01-21,111.0,-33.0,0.0,,0.0
1944-01-22,117.0,-67.0,0.0,,0.0
1944-01-23,111.0,-50.0,23.0,,0.0
1944-01-24,122.0,-83.0,0.0,,0.0
1944-01-25,183.0,-44.0,0.0,,0.0
1944-01-26,189.0,-22.0,0.0,,0.0
1944-01-27,189.0,0.0,0.0,,0.0
1944-01-28,189.0,89.0,0.0,,0.0
1944-01-29,156.0,6.0,0.0,,0.0
1944-01-30,128.0,-6.0,0.0,,0.0
1944-01-31,183.0,-78.0,23.0,,0.0
1944-02-01,50.0,-17.0,0.0,,
1944-02-02,50.0,-106.0,0.0,,
1944-02-03,56.0,-22.0,28.0,,
1944-02-04,56.0,6.0,5.0,,
1944-02-05,189.0,-44.0,0.0,,
1944-02-06,167.0,0.0,46.0,,
1944-02-07,178.0,11.0,0.0,,
1944-02-08,78.0,-33.0,0.0,,
1944-02-09,106.0,-17.0,0.0,,
1944-02-10,106.0,-78.0,0.0,,
1944-02-11,106.0,0.0,8.0,,
1944-02-12,72.0,-94.0,56.0,,0.0
1944-02-13,72.0,-156.0,0.0,,
1944-02-14,89.0,-100.0,61.0,,
1944-02-15,44.0,-22.0,61.0,,
1944-02-16,106.0,-117.0,0.0,,
1944-02-17,106.0,-33.0,56.0,,
1944-02-18,122.0,17.0,5.0,,
1944-02-19,100.0,-78.0,0.0,,
1944-02-20,100.0,-72.0,0.0,,
1944-02-21,122.0,-22.0,0.0,,
1944-02-22,144.0,-22.0,437.0,,
1944-02-23,178.0,50.0,46.0,,
1944-02-24,233.0,-22.0,0.0,,
1944-02-25,189.0,-44.0,0.0,,
1944-02-26,233.0,72.0,28.0,,
1944-02-27,222.0,117.0,0.0,,
1944-02-28,161.0,0.0,0.0,,
1944-02-29,111.0,-17.0,150.0,,
1944-03-01,6.0,-56.0,28.0,25.0,13.0
1944-03-02,72.0,-89.0,0.0,,
1944-03-03,172.0,-67.0,0.0,,
1944-03-04,172.0,28.0,91.0,,
1944-03-05,167.0,-17.0,81.0,,
1944-03-06,256.0,-22.0,0.0,,
1944-03-07,150.0,6.0,114.0,,
1944-03-08,61.0,-50.0,8.0,,
1944-03-09,-28.0,-111.0,0.0,,
1944-03-10,39.0,-89.0,0.0,,
1944-03-11,172.0,-89.0,0.0,,
1944-03-12,100.0,-22.0,38.0,,
1944-03-13,167.0,6.0,112.0,,
1944-03-14,189.0,-56.0,0.0,,
1944-03-15,250.0,-11.0,0.0,,
1944-03-16,250.0,67.0,0.0,,
1944-03-17,211.0,56.0,137.0,,
1944-03-18,89.0,0.0,112.0,,
1944-03-19,72.0,-56.0,107.0,,
1944-03-20,56.0,0.0,69.0,,
1944-03-21,33.0,-17.0,13.0,,
1944-03-22,167.0,-39.0,0.0,,
1944-03-23,167.0,50.0,175.0,,
1944-03-24,156.0,33.0,13.0,,
1944-03-25,244.0,-28.0,0.0,,
1944-03-26,222.0,33.0,0.0,,
1944-03-27,250.0,33.0,8.0,,
1944-03-28,200.0,-22.0,0.0,,
1944-03-29,150.0,50.0,46.0,,
1944-03-30,133.0,-44.0,13.0,,
1944-03-31,78.0,-56.0,0.0,,
1944-04-01,111.0,-61.0,76.0,,
1944-04-02,100.0,17.0,155.0,,
1944-04-03,139.0,-22.0,0.0,,
1944-04-04,56.0,-39.0,0.0,,
1944-04-05,22.0,-44.0,5.0,,
1944-04-06,139.0,-17.0,0.0,,
1944-04-07,167.0,-39.0,97.0,,
1944-04-08,183.0,78.0,86.0,,
1944-04-09,289.0,83.0,30.0,,
1944-04-10,283.0,100.0,8.0,,
1944-04-11,211.0,100.0,191.0,,
1944-04-12,156.0,33.0,140.0,,
1944-04-13,156.0,-44.0,0.0,,
1944-04-14,200.0,-17.0,0.0,,
1944-04-15,244.0,50.0,5.0,,
1944-04-16,200.0,106.0,84.0,,
1944-04-17,239.0,33.0,25.0,,
1944-04-18,172.0,-28.0,0.0,,
1944-04-19,183.0,72.0,56.0,,
1944-04-20,250.0,11.0,0.0,,
1944-04-21,250.0,106.0,79.0,,
1944-04-22,311.0,44.0,0.0,,
1944-04-23,267.0,133.0,0.0,,
1944-04-24,306.0,144.0,99.0,,
1944-04-25,228.0,111.0,8.0,,
1944-04-26,211.0,61.0,0.0,,
1944-04-27,211.0,100.0,218.0,,
1944-04-28,156.0,-11.0,0.0,,
1944-04-29,217.0,-28.0,0.0,,
1944-04-30,272.0,-6.0,0.0,,
1944-05-01,289.0,56.0,0.0,,0.0
1944-05-02,311.0,139.0,0.0,,0.0
1944-05-03,322.0,100.0,0.0,,0.0
1944-05-04,317.0,100.0,0.0,,0.0
1944-05-05,267.0,122.0,20.0,,0.0
1944-05-06,211.0,89.0,178.0,,0.0
1944-05-07,156.0,61.0,89.0,,0.0
1944-05-08,250.0,-6.0,0.0,,0.0
1944-05-09,272.0,61.0,0.0,,0.0
1944-05-10,289.0,89.0,0.0,,0.0
1944-05-11,306.0,83.0,0.0,,0.0
1944-05-12,306.0,100.0,0.0,,0.0
1944-05-13,306.0,100.0,0.0,,0.0
1944-05-14,306.0,111.0,33.0,,0.0
1944-05-15,294.0,83.0,0.0,,0.0
1944-05-16,317.0,89.0,0.0,,0.0
1944-05-17,278.0,144.0,117.0,,0.0
1944-05-18,294.0,100.0,20.0,,0.0
1944-05-19,278.0,111.0,13.0,,0.0
1944-05-20,322.0,144.0,157.0,,0.0
1944-05-21,322.0,139.0,165.0,,0.0
1944-05-22,322.0,122.0,41.0,,0.0
1944-05-23,300.0,156.0,0.0,,0.0
1944-05-24,328.0,156.0,56.0,,0.0
1944-05-25,317.0,139.0,94.0,,0.0
1944-05-26,328.0,144.0,0.0,,0.0
1944-05-27,333.0,156.0,0.0,,0.0
1944-05-28,317.0,156.0,0.0,,0.0
1944-05-29,322.0,78.0,0.0,,0.0
1944-05-30,333.0,106.0,0.0,,0.0
1944-05-31,333.0,178.0,0.0,,0.0
1944-06-01,311.0,150.0,198.0,,
1944-06-02,306.0,194.0,0.0,,
1944-06-03,317.0,172.0,41.0,,
1944-06-04,322.0,178.0,0.0,,
1944-06-05,328.0,144.0,8.0,,
1944-06-06,322.0,189.0,0.0,,
1944-06-07,272.0,128.0,0.0,,
1944-06-08,256.0,83.0,0.0,,
1944-06-09,322.0,94.0,0.0,,
1944-06-10,300.0,156.0,371.0,,
1944-06-11,311.0,156.0,0.0,,
1944-06-12,322.0,122.0,0.0,,
1944-06-13,344.0,128.0,0.0,,
1944-06-14,339.0,183.0,168.0,,
1944-06-15,311.0,189.0,0.0,,
1944-06-16,333.0,156.0,0.0,,
1944-06-17,322.0,161.0,18.0,,
1944-06-18,356.0,183.0,53.0,,
1944-06-19,333.0,200.0,0.0,,
1944-06-20,333.0,128.0,104.0,,
1944-06-21,267.0,72.0,0.0,,
1944-06-22,272.0,106.0,312.0,,
1944-06-23,311.0,161.0,254.0,,
1944-06-24,256.0,178.0,0.0,,
1944-06-25,267.0,144.0,0.0,,
1944-06-26,306.0,111.0,0.0,,
1944-06-27,356.0,156.0,0.0,,
1944-06-28,356.0,161.0,0.0,,
1944-06-29,367.0,167.0,0.0,,
1944-06-30,350.0,167.0,0.0,,
1944-07-01,289.0,122.0,0.0,,
1944-07-02,322.0,139.0,0.0,,
1944-07-03,322.0,106.0,0.0,,
1944-07-04,328.0,111.0,0.0,,
1944-07-05,333.0,89.0,0.0,,
1944-07-06,344.0,106.0,0.0,,
1944-07-07,333.0,94.0,0.0,,
1944-07-08,344.0,167.0,0.0,,
1944-07-09,344.0,111.0,0.0,,
1944-07-10,350.0,144.0,0.0,,
1944-07-11,356.0,156.0,0.0,,
1944-07-12,356.0,200.0,33.0,,
1944-07-13,333.0,194.0,241.0,,
1944-07-14,311.0,144.0,0.0,,
1944-07-15,317.0,139.0,0.0,,
1944-07-16,344.0,128.0,0.0,,
1944-07-17,333.0,122.0,0.0,,
1944-07-18,317.0,122.0,0.0,,
1944-07-19,311.0,139.0,0.0,,
1944-07-20,250.0,144.0,33.0,,
1944-07-21,244.0,133.0,43.0,,
1944-07-22,294.0,72.0,0.0,,
1944-07-23,328.0,94.0,0.0,,
1944-07-24,333.0,111.0,0.0,,
1944-07-25,344.0,167.0,76.0,,
1944-07-26,350.0,189.0,0.0,,
1944-07-27,344.0,172.0,0.0,,
1944-07-28,350.0,150.0,0.0,,
1944-07-29,350.0,150.0,0.0,,
1944-07-30,350.0,144.0,0.0,,
1944-07-31,361.0,150.0,0.0,,
1944-08-01,367.0,178.0,0.0,,
1944-08-02,322.0,150.0,0.0,,
1944-08-03,356.0,150.0,0.0,,
1944-08-04,367.0,156.0,0.0,,
1944-08-05,367.0,189.0,0.0,,
1944-08-06,361.0,211.0,30.0,,
1944-08-07,339.0,183.0,0.0,,
1944-08-08,328.0,150.0,0.0,,
1944-08-09,339.0,122.0,0.0,,
1944-08-10,361.0,117.0,0.0,,
1944-08-11,367.0,133.0,0.0,,
1944-08-12,378.0,172.0,0.0,,
1944-08-13,378.0,167.0,0.0,,
1944-08-14,378.0,178.0,28.0,,
1944-08-15,356.0,172.0,18.0,,
1944-08-16,350.0,178.0,0.0,,
1944-08-17,300.0,189.0,89.0,,
1944-08-18,261.0,167.0,94.0,,
1944-08-19,267.0,100.0,0.0,,
1944-08-20,322.0,72.0,0.0,,
1944-08-21,322.0,133.0,0.0,,
1944-08-22,311.0,200.0,18.0,,
1944-08-23,300.0,178.0,0.0,,
1944-08-24,267.0,117.0,51.0,,
1944-08-25,244.0,67.0,0.0,,
1944-08-26,267.0,78.0,0.0,,
1944-08-27,272.0,67.0,0.0,,
1944-08-28,278.0,167.0,8.0,,
1944-08-29,239.0,150.0,0.0,,
1944-08-30,306.0,67.0,0.0,,
1944-08-31,317.0,106.0,48.0,,
1944-09-01,261.0,183.0,318.0,,
1944-09-02,317.0,167.0,0.0,,
1944-09-03,317.0,144.0,0.0,,
1944-09-04,317.0,150.0,0.0,,
1944-09-05,294.0,161.0,0.0,,
1944-09-06,278.0,128.0,188.0,,
1944-09-07,206.0,128.0,30.0,,
1944-09-08,217.0,50.0,0.0,,
1944-09-09,211.0,22.0,0.0,,
1944-09-10,306.0,72.0,0.0,,
1944-09-11,306.0,78.0,0.0,,
1944-09-12,283.0,144.0,229.0,,
1944-09-13,289.0,172.0,97.0,,
1944-09-14,244.0,156.0,0.0,,
1944-09-15,261.0,106.0,0.0,,
1944-09-16,283.0,100.0,0.0,,
1944-09-17,306.0,89.0,0.0,,
1944-09-18,306.0,106.0,8.0,,
1944-09-19,311.0,150.0,0.0,,
1944-09-20,322.0,156.0,51.0,,
1944-09-21,300.0,144.0,323.0,,
1944-09-22,244.0,78.0,0.0,,
1944-09-23,211.0,56.0,0.0,,
1944-09-24,211.0,83.0,13.0,,
1944-09-25,222.0,56.0,0.0,,
1944-09-26,244.0,56.0,0.0,,
1944-09-27,289.0,72.0,0.0,,
1944-09-28,244.0,139.0,424.0,,
1944-09-29,211.0,144.0,20.0,,
1944-09-30,200.0,139.0,119.0,,
1944-10-01,256.0,144.0,76.0,,
1944-10-02,256.0,111.0,0.0,,
1944-10-03,250.0,150.0,74.0,,
1944-10-04,250.0,139.0,18.0,,
1944-10-05,272.0,122.0,0.0,,
1944-10-06,289.0,150.0,25.0,,
1944-10-07,294.0,72.0,76.0,,
1944-10-08,267.0,56.0,0.0,,
1944-10-09,289.0,100.0,28.0,,
1944-10-10,144.0,67.0,0.0,,
1944-10-11,189.0,39.0,0.0,,
1944-10-12,211.0,17.0,0.0,,
1944-10-13,211.0,106.0,89.0,,
1944-10-14,211.0,44.0,114.0,,
1944-10-15,200.0,44.0,0.0,,
1944-10-16,206.0,-39.0,0.0,,
1944-10-17,217.0,-22.0,0.0,,
1944-10-18,256.0,0.0,0.0,,
1944-10-19,256.0,-17.0,0.0,,
1944-10-20,211.0,83.0,305.0,,
1944-10-21,211.0,67.0,292.0,,
1944-10-22,156.0,-11.0,0.0,,
1944-10-23,194.0,-39.0,0.0,,
1944-10-24,283.0,0.0,33.0,,
1944-10-25,239.0,28.0,5.0,,
1944-10-26,239.0,33.0,0.0,,
1944-10-27,156.0,33.0,0.0,,
1944-10-28,156.0,6.0,0.0,,
1944-10-29,156.0,11.0,0.0,,
1944-10-30,200.0,-33.0,0.0,,
1944-10-31,244.0,-22.0,0.0,,
1944-11-01,244.0,33.0,0.0,,
1944-11-02,244.0,22.0,0.0,,
1944-11-03,239.0,6.0,0.0,,
1944-11-04,211.0,33.0,20.0,,
1944-11-05,183.0,33.0,38.0,,
1944-11-06,233.0,-17.0,0.0,,
1944-11-07,150.0,-72.0,0.0,,
1944-11-08,228.0,-22.0,0.0,,
1944-11-09,228.0,6.0,0.0,,
1944-11-10,156.0,72.0,61.0,,
1944-11-11,144.0,22.0,0.0,,
1944-11-12,128.0,-39.0,0.0,,
1944-11-13,139.0,-33.0,0.0,,
1944-11-14,194.0,-39.0,0.0,,
1944-11-15,211.0,78.0,61.0,,
1944-11-16,206.0,39.0,38.0,,
1944-11-17,106.0,28.0,23.0,,
1944-11-18,72.0,28.0,0.0,,
1944-11-19,100.0,-28.0,0.0,,
1944-11-20,122.0,33.0,94.0,,
1944-11-21,61.0,17.0,66.0,,
1944-11-22,61.0,11.0,0.0,,
1944-11-23,44.0,0.0,33.0,,0.0
1944-11-24,33.0,-6.0,25.0,,
1944-11-25,72.0,-67.0,0.0,,
1944-11-26,117.0,-67.0,0.0,,
1944-11-27,133.0,89.0,140.0,,
1944-11-28,261.0,39.0,0.0,,
1944-11-29,156.0,-6.0,5.0,,
1944-11-30,111.0,-39.0,56.0,,51.0
1944-12-01,-11.0,-56.0,0.0,,
1944-12-02,0.0,-61.0,0.0,,
1944-12-03,22.0,-144.0,0.0,,
1944-12-04,72.0,-128.0,0.0,,
1944-12-05,144.0,-50.0,0.0,,
1944-12-06,172.0,-28.0,0.0,,
1944-12-07,128.0,-56.0,0.0,,
1944-12-08,83.0,22.0,25.0,,
1944-12-09,33.0,-11.0,0.0,,
1944-12-10,72.0,-67.0,0.0,,
1944-12-11,56.0,-39.0,262.0,152.0,
1944-12-12,61.0,-50.0,203.0,305.0,
1944-12-13,6.0,-61.0,0.0,,
1944-12-14,11.0,-117.0,0.0,,
1944-12-15,50.0,-139.0,0.0,,
1944-12-16,44.0,-11.0,0.0,,
1944-12-17,67.0,-83.0,0.0,,
1944-12-18,,-94.0,48.0,,
1944-12-19,,-78.0,43.0,,
1944-12-20,89.0,-161.0,0.0,,
1944-12-21,100.0,-6.0,0.0,,
1944-12-22,6.0,-156.0,5.0,,
1944-12-23,72.0,-83.0,0.0,,
1944-12-24,67.0,11.0,0.0,,
1944-12-25,117.0,17.0,91.0,,
1944-12-26,,-44.0,84.0,,
1944-12-27,50.0,-106.0,137.0,,
1944-12-28,72.0,-39.0,79.0,,
1944-12-29,22.0,-56.0,0.0,,
1944-12-30,89.0,0.0,53.0,,
1944-12-31,117.0,22.0,236.0,,
1945-01-01,156.0,-44.0,389.0,51.0,
1945-01-02,22.0,-139.0,3.0,,
1945-01-03,33.0,-161.0,0.0,,
1945-01-04,83.0,-6.0,0.0,,
1945-01-05,56.0,,0.0,,
1945-01-06,122.0,-50.0,0.0,,
1945-01-07,117.0,11.0,58.0,,
1945-01-08,106.0,28.0,48.0,,
1945-01-09,150.0,-44.0,13.0,,
1945-01-10,6.0,-150.0,3.0,,
1945-01-11,0.0,-100.0,0.0,,
1945-01-12,50.0,-94.0,23.0,,
1945-01-13,56.0,0.0,97.0,,
1945-01-14,44.0,-6.0,0.0,,
1945-01-15,83.0,-6.0,18.0,,
1945-01-16,72.0,-33.0,102.0,,
1945-01-17,50.0,-44.0,3.0,,
1945-01-18,22.0,-100.0,0.0,,
1945-01-19,33.0,-56.0,0.0,,
1945-01-20,39.0,0.0,33.0,,
1945-01-21,100.0,-67.0,0.0,,
1945-01-22,,-11.0,30.0,,
1945-01-23,,-28.0,20.0,,
1945-01-24,,-17.0,0.0,,
1945-01-25,,-122.0,0.0,,
1945-01-26,,-89.0,13.0,,
1945-01-27,56.0,-161.0,0.0,,
1945-01-28,56.0,-17.0,30.0,,
1945-01-29,56.0,-56.0,91.0,,
1945-01-30,-17.0,-133.0,0.0,,
1945-01-31,-17.0,-133.0,0.0,,
1945-02-01,-78.0,-133.0,0.0,,
1945-02-02,-44.0,-100.0,0.0,,
1945-02-03,17.0,-178.0,0.0,,
1945-02-04,44.0,-156.0,5.0,,
1945-02-05,78.0,0.0,25.0,,
1945-02-06,44.0,-83.0,0.0,,
1945-02-07,72.0,0.0,0.0,,
1945-02-08,72.0,-11.0,5.0,,
1945-02-09,44.0,-11.0,0.0,,
1945-02-10,183.0,-11.0,0.0,,
1945-02-11,167.0,-11.0,38.0,,
1945-02-12,,-61.0,0.0,,
1945-02-13,167.0,17.0,94.0,,
1945-02-14,,0.0,28.0,,
1945-02-15,239.0,-33.0,0.0,,
1945-02-16,228.0,56.0,38.0,,
1945-02-17,100.0,-72.0,145.0,,
1945-02-18,,-122.0,0.0,,
1945-02-19,,-150.0,0.0,,
1945-02-20,117.0,-111.0,0.0,,
1945-02-21,,17.0,0.0,,
1945-02-22,161.0,89.0,71.0,,
1945-02-23,161.0,-6.0,0.0,,
1945-02-24,133.0,-50.0,0.0,,
1945-02-25,161.0,-61.0,0.0,,
1945-02-26,161.0,44.0,262.0,,
1945-02-27,117.0,-11.0,284.0,,51.0
1945-02-28,50.0,-33.0,160.0,,
1945-03-01,78.0,-17.0,0.0,,
1945-03-02,106.0,-17.0,160.0,,
1945-03-03,178.0,100.0,191.0,,
1945-03-04,167.0,33.0,0.0,,
1945-03-05,194.0,-11.0,0.0,,
1945-03-06,139.0,117.0,0.0,,
1945-03-07,150.0,17.0,66.0,,
1945-03-08,33.0,0.0,0.0,,
1945-03-09,100.0,-56.0,0.0,,
1945-03-10,122.0,-33.0,0.0,,
1945-03-11,139.0,-67.0,0.0,,
1945-03-12,189.0,-28.0,0.0,,
1945-03-13,156.0,-33.0,0.0,,
1945-03-14,222.0,-28.0,0.0,,
1945-03-15,261.0,11.0,0.0,,
1945-03-16,289.0,122.0,0.0,,
1945-03-17,278.0,100.0,25.0,,
1945-03-18,261.0,44.0,0.0,,
1945-03-19,300.0,89.0,0.0,,
1945-03-20,294.0,89.0,0.0,,
1945-03-21,189.0,56.0,254.0,,
1945-03-22,117.0,6.0,58.0,,
1945-03-23,211.0,-33.0,0.0,,
1945-03-24,239.0,6.0,0.0,,
1945-03-25,211.0,28.0,0.0,,
1945-03-26,317.0,61.0,0.0,,
1945-03-27,289.0,56.0,0.0,,
1945-03-28,294.0,28.0,0.0,,
1945-03-29,289.0,67.0,0.0,,
1945-03-30,267.0,133.0,18.0,,
1945-03-31,222.0,100.0,18.0,,
1945-04-01,267.0,6.0,0.0,,
1945-04-02,278.0,117.0,18.0,,
1945-04-03,250.0,156.0,51.0,,
1945-04-04,289.0,89.0,0.0,,
1945-04-05,228.0,28.0,236.0,,
1945-04-06,133.0,-61.0,0.0,,
1945-04-07,211.0,-44.0,0.0,,
1945-04-08,256.0,-17.0,0.0,,
1945-04-09,267.0,0.0,0.0,,
1945-04-10,278.0,22.0,0.0,,
1945-04-11,294.0,6.0,0.0,,
1945-04-12,300.0,83.0,0.0,,
1945-04-13,306.0,72.0,0.0,,
1945-04-14,,100.0,46.0,,
1945-04-15,267.0,89.0,51.0,,
1945-04-16,278.0,111.0,0.0,,
1945-04-17,256.0,133.0,318.0,,
1945-04-18,211.0,6.0,0.0,,
1945-04-19,161.0,-28.0,0.0,,
1945-04-20,161.0,0.0,0.0,,
1945-04-21,222.0,33.0,0.0,,
1945-04-22,211.0,-11.0,0.0,,
1945-04-23,217.0,39.0,0.0,,
1945-04-24,278.0,72.0,0.0,,
1945-04-25,272.0,139.0,180.0,,
1945-04-26,250.0,100.0,25.0,,
1945-04-27,222.0,39.0,0.0,,
1945-04-28,,-17.0,0.0,,
1945-04-29,183.0,67.0,0.0,,
1945-04-30,178.0,39.0,0.0,,
1945-05-01,183.0,33.0,0.0,,0.0
1945-05-02,200.0,-17.0,0.0,,0.0
1945-05-03,200.0,72.0,89.0,,0.0
1945-05-04,167.0,44.0,94.0,,0.0
1945-05-05,111.0,50.0,117.0,,0.0
1945-05-06,200.0,67.0,23.0,,0.0
1945-05-07,267.0,17.0,0.0,,0.0
1945-05-08,278.0,106.0,157.0,,0.0
1945-05-09,200.0,17.0,203.0,,0.0
1945-05-10,161.0,72.0,155.0,,0.0
1945-05-11,167.0,44.0,0.0,,0.0
1945-05-12,267.0,0.0,0.0,,0.0
1945-05-13,244.0,39.0,0.0,,0.0
1945-05-14,300.0,56.0,0.0,,0.0
1945-05-15,306.0,128.0,25.0,,0.0
1945-05-16,333.0,133.0,0.0,,0.0
1945-05-17,272.0,139.0,224.0,,0.0
1945-05-18,139.0,111.0,30.0,,0.0
1945-05-19,211.0,72.0,20.0,,0.0
1945-05-20,278.0,72.0,0.0,,0.0
1945-05-21,317.0,72.0,0.0,,0.0
1945-05-22,317.0,133.0,76.0,,0.0
1945-05-23,217.0,61.0,0.0,,0.0
1945-05-24,217.0,28.0,0.0,,0.0
1945-05-25,278.0,22.0,0.0,,0.0
1945-05-26,267.0,133.0,76.0,,0.0
1945-05-27,272.0,128.0,0.0,,0.0
1945-05-28,294.0,178.0,0.0,,0.0
1945-05-29,289.0,178.0,0.0,,0.0
1945-05-30,239.0,83.0,0.0,,0.0
1945-05-31,250.0,39.0,0.0,,0.0
1945-06-01,328.0,94.0,0.0,,0.0
1945-06-02,322.0,172.0,211.0,,0.0
1945-06-03,211.0,117.0,300.0,,0.0
1945-06-04,139.0,83.0,15.0,,0.0
1945-06-05,133.0,50.0,0.0,,0.0
1945-06-06,206.0,6.0,0.0,,0.0
1945-06-07,200.0,28.0,0.0,,0.0
1945-06-08,228.0,56.0,0.0,,0.0
1945-06-09,228.0,100.0,38.0,,0.0
1945-06-10,294.0,150.0,33.0,,0.0
1945-06-11,294.0,167.0,229.0,,0.0
1945-06-12,272.0,167.0,46.0,,0.0
1945-06-13,317.0,144.0,0.0,,0.0
1945-06-14,356.0,144.0,0.0,,0.0
1945-06-15,350.0,150.0,0.0,,0.0
1945-06-16,322.0,178.0,0.0,,0.0
1945-06-17,322.0,172.0,0.0,,0.0
1945-06-18,294.0,178.0,20.0,,0.0
1945-06-19,250.0,167.0,102.0,,0.0
1945-06-20,283.0,156.0,0.0,,0.0
1945-06-21,294.0,172.0,0.0,,0.0
1945-06-22,350.0,122.0,0.0,,0.0
1945-06-23,300.0,111.0,0.0,,0.0
1945-06-24,322.0,122.0,0.0,,0.0
1945-06-25,339.0,156.0,0.0,,0.0
1945-06-26,328.0,172.0,0.0,,0.0
1945-06-27,322.0,144.0,0.0,,0.0
1945-06-28,333.0,167.0,0.0,,0.0
1945-06-29,350.0,183.0,0.0,,0.0
1945-06-30,356.0,183.0,0.0,,0.0
1945-07-01,350.0,194.0,0.0,,0.0
1945-07-02,317.0,167.0,114.0,,0.0
1945-07-03,267.0,83.0,0.0,,0.0
1945-07-04,300.0,106.0,0.0,,0.0
1945-07-05,339.0,167.0,61.0,,0.0
1945-07-06,356.0,167.0,0.0,,0.0
1945-07-07,306.0,111.0,0.0,,0.0
1945-07-08,317.0,106.0,0.0,,0.0
1945-07-09,339.0,161.0,0.0,,0.0
1945-07-10,367.0,144.0,445.0,,0.0
1945-07-11,,94.0,0.0,,0.0
1945-07-12,,83.0,0.0,,0.0
1945-07-13,344.0,89.0,0.0,,0.0
1945-07-14,344.0,156.0,0.0,,0.0
1945-07-15,,183.0,147.0,,0.0
1945-07-16,,133.0,0.0,,0.0
1945-07-17,278.0,122.0,0.0,,0.0
1945-07-18,294.0,128.0,0.0,,0.0
1945-07-19,333.0,144.0,0.0,,0.0
1945-07-20,339.0,156.0,0.0,,0.0
1945-07-21,,156.0,0.0,,0.0
1945-07-22,356.0,183.0,0.0,,0.0
1945-07-23,322.0,167.0,33.0,,0.0
1945-07-24,339.0,167.0,0.0,,0.0
1945-07-25,350.0,167.0,0.0,,0.0
1945-07-26,350.0,189.0,0.0,,0.0
1945-07-27,333.0,183.0,254.0,,0.0
1945-07-28,322.0,178.0,262.0,,0.0
1945-07-29,,200.0,145.0,,0.0
1945-07-30,322.0,172.0,8.0,,0.0
1945-07-31,322.0,189.0,0.0,,0.0
1945-08-01,317.0,194.0,76.0,,
1945-08-02,333.0,200.0,185.0,,
1945-08-03,328.0,194.0,46.0,,
1945-08-04,289.0,100.0,0.0,,
1945-08-05,283.0,122.0,0.0,,
1945-08-06,294.0,200.0,419.0,,
1945-08-07,278.0,194.0,0.0,,
1945-08-08,289.0,150.0,0.0,,
1945-08-09,283.0,100.0,0.0,,
1945-08-10,311.0,122.0,0.0,,
1945-08-11,306.0,128.0,0.0,,
1945-08-12,328.0,178.0,0.0,,
1945-08-13,333.0,106.0,0.0,,
1945-08-14,339.0,156.0,0.0,,
1945-08-15,317.0,183.0,112.0,,
1945-08-16,278.0,133.0,0.0,,
1945-08-17,278.0,128.0,0.0,,
1945-08-18,300.0,122.0,0.0,,
1945-08-19,322.0,128.0,0.0,,
1945-08-20,322.0,144.0,0.0,,
1945-08-21,317.0,139.0,0.0,,
1945-08-22,333.0,150.0,0.0,,
1945-08-23,317.0,178.0,33.0,,
1945-08-24,250.0,172.0,655.0,,
1945-08-25,278.0,156.0,0.0,,
1945-08-26,267.0,83.0,0.0,,
1945-08-27,317.0,67.0,0.0,,
1945-08-28,322.0,78.0,0.0,,
1945-08-29,339.0,133.0,0.0,,
1945-08-30,339.0,156.0,0.0,,
1945-08-31,356.0,156.0,0.0,,
1945-09-01,333.0,178.0,0.0,,
1945-09-02,283.0,172.0,114.0,,
1945-09-03,350.0,100.0,0.0,,
1945-09-04,317.0,206.0,0.0,,
1945-09-05,317.0,100.0,0.0,,
1945-09-06,317.0,133.0,0.0,,
1945-09-07,322.0,156.0,0.0,,
1945-09-08,333.0,172.0,0.0,,
1945-09-09,328.0,183.0,147.0,,
1945-09-10,333.0,161.0,0.0,,
1945-09-11,333.0,172.0,94.0,,
1945-09-12,267.0,100.0,0.0,,
1945-09-13,278.0,89.0,0.0,,
1945-09-14,278.0,167.0,155.0,,
1945-09-15,222.0,122.0,318.0,,
1945-09-16,239.0,122.0,0.0,,
1945-09-17,228.0,106.0,216.0,,
1945-09-18,178.0,122.0,445.0,,
1945-09-19,178.0,133.0,18.0,,
1945-09-20,300.0,106.0,0.0,,
1945-09-21,294.0,167.0,147.0,,
1945-09-22,256.0,156.0,0.0,,
1945-09-23,311.0,139.0,0.0,,
1945-09-24,311.0,161.0,173.0,,
1945-09-25,322.0,144.0,0.0,,
1945-09-26,311.0,144.0,33.0,,
1945-09-27,300.0,150.0,0.0,,
1945-09-28,317.0,144.0,0.0,,
1945-09-29,294.0,111.0,0.0,,
1945-09-30,278.0,106.0,0.0,,
1945-10-01,300.0,133.0,0.0,,
1945-10-02,278.0,111.0,122.0,,
1945-10-03,272.0,22.0,0.0,,
1945-10-04,211.0,-11.0,0.0,,
1945-10-05,228.0,44.0,0.0,,
1945-10-06,211.0,128.0,0.0,,
1945-10-07,178.0,122.0,0.0,,
1945-10-08,233.0,39.0,0.0,,
1945-10-09,306.0,39.0,0.0,,
1945-10-10,144.0,39.0,0.0,,
1945-10-11,178.0,-22.0,0.0,,
1945-10-12,206.0,11.0,0.0,,
1945-10-13,178.0,6.0,0.0,,
1945-10-14,172.0,-11.0,0.0,,
1945-10-15,117.0,17.0,0.0,,
1945-10-16,172.0,-11.0,0.0,,
1945-10-17,222.0,6.0,0.0,,
1945-10-18,322.0,22.0,0.0,,
1945-10-19,250.0,22.0,0.0,,
1945-10-20,222.0,61.0,0.0,,
1945-10-21,289.0,17.0,0.0,,
1945-10-22,272.0,89.0,0.0,,
1945-10-23,244.0,122.0,48.0,,
1945-10-24,144.0,72.0,10.0,,
1945-10-25,144.0,78.0,0.0,,
1945-10-26,150.0,28.0,0.0,,
1945-10-27,156.0,-39.0,0.0,,
1945-10-28,239.0,-11.0,0.0,,
1945-10-29,256.0,6.0,0.0,,
1945-10-30,261.0,17.0,0.0,,
1945-10-31,228.0,39.0,0.0,,
1945-11-01,267.0,78.0,,,
1945-11-02,250.0,133.0,89.0,,
1945-11-03,233.0,78.0,267.0,,
1945-11-04,178.0,-50.0,,,
1945-11-05,178.0,-67.0,,,
1945-11-06,239.0,-6.0,,,
1945-11-07,256.0,22.0,,,
1945-11-08,244.0,17.0,,,
1945-11-09,222.0,117.0,,,
1945-11-10,128.0,61.0,51.0,,
1945-11-11,228.0,50.0,13.0,,
1945-11-12,256.0,72.0,10.0,,
1945-11-13,222.0,94.0,,,
1945-11-14,144.0,44.0,229.0,,
1945-11-15,67.0,17.0,38.0,,
1945-11-16,150.0,-56.0,,,
1945-11-17,133.0,-11.0,28.0,,
1945-11-18,156.0,89.0,109.0,,
1945-11-19,150.0,0.0,152.0,,
1945-11-20,106.0,17.0,30.0,,
1945-11-21,156.0,-72.0,,,
1945-11-22,133.0,6.0,157.0,,
1945-11-23,22.0,6.0,,,25.0
1945-11-24,28.0,-56.0,15.0,,
1945-11-25,67.0,6.0,,,
1945-11-26,117.0,-89.0,,,
1945-11-27,122.0,-61.0,13.0,,
1945-11-28,183.0,-11.0,58.0,,
1945-11-29,72.0,6.0,147.0,,
1945-11-30,33.0,6.0,25.0,,
1945-12-01,22.0,-11.0,0.0,,0.0
1945-12-02,78.0,-111.0,0.0,,0.0
1945-12-03,83.0,-22.0,48.0,,25.0
1945-12-04,100.0,-56.0,25.0,,0.0
1945-12-05,50.0,-72.0,13.0,,0.0
1945-12-06,44.0,-67.0,20.0,,0.0
1945-12-07,50.0,-56.0,3.0,,0.0
1945-12-08,56.0,-67.0,0.0,,0.0
1945-12-09,156.0,-50.0,0.0,,0.0
1945-12-10,144.0,-39.0,20.0,76.0,76.0
1945-12-11,-33.0,-72.0,5.0,76.0,18.0
1945-12-12,-22.0,-89.0,0.0,,0.0
1945-12-13,-17.0,-133.0,5.0,,13.0
1945-12-14,22.0,-33.0,0.0,,0.0
1945-12-15,6.0,-44.0,0.0,,0.0
1945-12-16,-6.0,-161.0,0.0,,0.0
1945-12-17,-6.0,-128.0,0.0,,0.0
1945-12-18,-11.0,-144.0,0.0,,0.0
1945-12-19,17.0,-39.0,53.0,76.0,76.0
1945-12-20,-17.0,-100.0,13.0,102.0,25.0
1945-12-21,-17.0,-156.0,0.0,,0.0
1945-12-22,11.0,-83.0,0.0,,0.0
1945-12-23,11.0,-122.0,0.0,,0.0
1945-12-24,61.0,-111.0,0.0,,0.0
1945-12-25,139.0,6.0,69.0,,0.0
1945-12-26,117.0,-11.0,5.0,,0.0
1945-12-27,56.0,-11.0,0.0,,0.0
1945-12-28,72.0,0.0,13.0,0.0,25.0
1945-12-29,100.0,6.0,0.0,,0.0
1945-12-30,133.0,-28.0,0.0,,0.0
1945-12-31,128.0,0.0,79.0,,25.0
1946-01-01,0.0,-78.0,15.0,25.0,25.0
1946-01-02,0.0,-78.0,20.0,,25.0
1946-01-03,39.0,-78.0,20.0,25.0,0.0
1946-01-04,111.0,,0.0,,0.0
1946-01-05,183.0,-6.0,0.0,,0.0
1946-01-06,239.0,106.0,0.0,,0.0
1946-01-07,222.0,94.0,193.0,,0.0
1946-01-08,167.0,89.0,53.0,,0.0
1946-01-09,233.0,67.0,0.0,,0.0
1946-01-10,211.0,44.0,0.0,,0.0
1946-01-11,61.0,-11.0,10.0,,0.0
1946-01-12,111.0,44.0,0.0,,0.0
1946-01-13,89.0,-28.0,0.0,,0.0
1946-01-14,111.0,-111.0,0.0,,0.0
1946-01-15,44.0,-67.0,0.0,,0.0
1946-01-16,22.0,-111.0,0.0,,0.0
1946-01-17,56.0,-39.0,0.0,,0.0
1946-01-18,94.0,-72.0,0.0,,0.0
1946-01-19,78.0,-17.0,0.0,,0.0
1946-01-20,100.0,-56.0,0.0,,0.0
1946-01-21,89.0,0.0,89.0,,0.0
1946-01-22,6.0,-128.0,0.0,,0.0
1946-01-23,67.0,-156.0,0.0,,0.0
1946-01-24,78.0,-89.0,0.0,,0.0
1946-01-25,89.0,-78.0,25.0,,30.0
1946-01-26,72.0,-94.0,0.0,,0.0
1946-01-27,72.0,-94.0,23.0,25.0,25.0
1946-01-28,78.0,-167.0,0.0,,0.0
1946-01-29,133.0,-111.0,0.0,,0.0
1946-01-30,133.0,6.0,36.0,,0.0
1946-01-31,128.0,44.0,0.0,,0.0
1946-02-01,56.0,-67.0,0.0,,0.0
1946-02-02,61.0,-50.0,0.0,,0.0
1946-02-03,56.0,-78.0,0.0,,0.0
1946-02-04,78.0,-78.0,0.0,,0.0
1946-02-05,122.0,22.0,168.0,,0.0
1946-02-06,161.0,61.0,58.0,,0.0
1946-02-07,67.0,0.0,0.0,,0.0
1946-02-08,139.0,-94.0,0.0,,0.0
1946-02-09,128.0,44.0,61.0,,0.0
1946-02-10,89.0,-11.0,71.0,,102.0
1946-02-11,122.0,-39.0,142.0,,178.0
1946-02-12,128.0,-178.0,0.0,,0.0
1946-02-13,89.0,-44.0,127.0,,0.0
1946-02-14,172.0,-11.0,8.0,,13.0
1946-02-15,0.0,-133.0,0.0,,0.0
1946-02-16,167.0,-128.0,0.0,,0.0
1946-02-17,167.0,-11.0,0.0,,0.0
1946-02-18,161.0,-94.0,0.0,,0.0
1946-02-19,94.0,-44.0,86.0,,0.0
1946-02-20,89.0,-22.0,58.0,,25.0
1946-02-21,44.0,-89.0,0.0,,0.0
1946-02-22,144.0,-28.0,0.0,,0.0
1946-02-23,144.0,-33.0,0.0,,0.0
1946-02-24,56.0,-17.0,15.0,,0.0
1946-02-25,144.0,-72.0,0.0,,0.0
1946-02-26,167.0,-28.0,0.0,,0.0
1946-02-27,167.0,50.0,122.0,,0.0
1946-02-28,83.0,0.0,0.0,,0.0
1946-03-01,200.0,-67.0,0.0,,
1946-03-02,200.0,17.0,20.0,,
1946-03-03,167.0,-11.0,0.0,,
1946-03-04,244.0,-17.0,0.0,,
1946-03-05,244.0,-6.0,0.0,,
1946-03-06,244.0,11.0,0.0,,
1946-03-07,239.0,128.0,51.0,,
1946-03-08,161.0,28.0,48.0,,
1946-03-09,144.0,17.0,43.0,,
1946-03-10,100.0,-22.0,0.0,,
1946-03-11,122.0,-6.0,0.0,,
1946-03-12,200.0,-78.0,0.0,,
1946-03-13,233.0,-17.0,0.0,,
1946-03-14,222.0,33.0,0.0,,
1946-03-15,183.0,150.0,109.0,,
1946-03-16,211.0,56.0,0.0,,
1946-03-17,228.0,56.0,0.0,,
1946-03-18,233.0,39.0,18.0,,
1946-03-19,167.0,44.0,196.0,,
1946-03-20,183.0,-11.0,25.0,,
1946-03-21,233.0,-33.0,0.0,,
1946-03-22,222.0,0.0,0.0,,
1946-03-23,211.0,67.0,0.0,,
1946-03-24,233.0,67.0,0.0,,
1946-03-25,233.0,6.0,0.0,,
1946-03-26,178.0,122.0,117.0,,
1946-03-27,228.0,117.0,51.0,,
1946-03-28,278.0,39.0,0.0,,
1946-03-29,272.0,111.0,0.0,,
1946-03-30,211.0,139.0,178.0,,
1946-03-31,211.0,17.0,0.0,,
1946-04-01,228.0,11.0,0.0,,
1946-04-02,261.0,206.0,0.0,,
1946-04-03,267.0,56.0,0.0,,
1946-04-04,239.0,94.0,0.0,,
1946-04-05,222.0,56.0,0.0,,
1946-04-06,150.0,11.0,0.0,,
1946-04-07,178.0,-11.0,0.0,,
1946-04-08,200.0,33.0,33.0,,
1946-04-09,189.0,78.0,0.0,,
1946-04-10,161.0,0.0,0.0,,
1946-04-11,150.0,-11.0,0.0,,
1946-04-12,133.0,0.0,51.0,,
1946-04-13,139.0,-50.0,0.0,,
1946-04-14,239.0,28.0,0.0,,
1946-04-15,250.0,89.0,0.0,,
1946-04-16,222.0,39.0,94.0,,
1946-04-17,189.0,-11.0,0.0,,
1946-04-18,239.0,-22.0,0.0,,
1946-04-19,244.0,0.0,0.0,,
1946-04-20,211.0,111.0,0.0,,
1946-04-21,267.0,-11.0,0.0,,
1946-04-22,289.0,11.0,0.0,,
1946-04-23,289.0,78.0,81.0,,
1946-04-24,233.0,133.0,28.0,,
1946-04-25,183.0,100.0,13.0,,
1946-04-26,178.0,72.0,18.0,,
1946-04-27,128.0,39.0,0.0,,
1946-04-28,189.0,-22.0,0.0,,
1946-04-29,189.0,72.0,114.0,,
1946-04-30,244.0,72.0,0.0,,
1946-05-01,244.0,122.0,8.0,,
1946-05-02,239.0,106.0,0.0,,
1946-05-03,183.0,111.0,84.0,,
1946-05-04,211.0,100.0,86.0,,
1946-05-05,200.0,94.0,0.0,,
1946-05-06,250.0,44.0,0.0,,
1946-05-07,233.0,72.0,46.0,,
1946-05-08,150.0,39.0,18.0,,
1946-05-09,211.0,28.0,5.0,,
1946-05-10,250.0,33.0,0.0,,
1946-05-11,228.0,128.0,36.0,,
1946-05-12,183.0,122.0,114.0,,
1946-05-13,233.0,61.0,0.0,,
1946-05-14,233.0,89.0,234.0,,
1946-05-15,300.0,106.0,0.0,,
1946-05-16,289.0,150.0,122.0,,
1946-05-17,283.0,161.0,124.0,,
1946-05-18,222.0,122.0,36.0,,
1946-05-19,267.0,139.0,0.0,,
1946-05-20,267.0,128.0,10.0,,
1946-05-21,217.0,133.0,51.0,,
1946-05-22,233.0,33.0,0.0,,
1946-05-23,294.0,33.0,0.0,,
1946-05-24,294.0,111.0,0.0,,
1946-05-25,294.0,194.0,0.0,,
1946-05-26,256.0,167.0,46.0,,
1946-05-27,261.0,161.0,165.0,,
1946-05-28,178.0,117.0,13.0,,
1946-05-29,233.0,67.0,15.0,,
1946-05-30,283.0,50.0,0.0,,
1946-05-31,294.0,94.0,0.0,,
1946-06-01,294.0,161.0,51.0,,
1946-06-02,222.0,144.0,224.0,,
1946-06-03,222.0,117.0,0.0,,
1946-06-04,194.0,72.0,0.0,,
1946-06-05,200.0,50.0,0.0,,
1946-06-06,261.0,56.0,0.0,,
1946-06-07,306.0,100.0,0.0,,
1946-06-08,311.0,144.0,0.0,,
1946-06-09,300.0,172.0,0.0,,
1946-06-10,306.0,67.0,0.0,,
1946-06-11,322.0,100.0,18.0,,
1946-06-12,306.0,156.0,295.0,,
1946-06-13,272.0,172.0,64.0,,
1946-06-14,278.0,167.0,206.0,,
1946-06-15,300.0,161.0,0.0,,
1946-06-16,311.0,156.0,0.0,,
1946-06-17,311.0,200.0,25.0,,
1946-06-18,317.0,183.0,0.0,,
1946-06-19,300.0,189.0,300.0,,
1946-06-20,333.0,172.0,94.0,,
1946-06-21,267.0,172.0,0.0,,
1946-06-22,322.0,178.0,0.0,,
1946-06-23,261.0,133.0,0.0,,
1946-06-24,317.0,78.0,0.0,,
1946-06-25,367.0,100.0,0.0,,
1946-06-26,361.0,117.0,0.0,,
1946-06-27,300.0,172.0,0.0,,
1946-06-28,322.0,200.0,0.0,,
1946-06-29,328.0,200.0,0.0,,
1946-06-30,322.0,178.0,0.0,,
1946-07-01,328.0,122.0,102.0,,
1946-07-02,272.0,156.0,340.0,,
1946-07-03,283.0,106.0,0.0,,
1946-07-04,294.0,83.0,0.0,,
1946-07-05,283.0,128.0,0.0,,
1946-07-06,283.0,156.0,0.0,,
1946-07-07,306.0,189.0,86.0,,
1946-07-08,333.0,167.0,0.0,,
1946-07-09,317.0,200.0,109.0,,
1946-07-10,339.0,172.0,0.0,,
1946-07-11,344.0,156.0,0.0,,
1946-07-12,294.0,200.0,0.0,,
1946-07-13,300.0,200.0,0.0,,
1946-07-14,311.0,183.0,0.0,,
1946-07-15,322.0,144.0,3.0,,
1946-07-16,300.0,128.0,0.0,,
1946-07-17,311.0,178.0,0.0,,
1946-07-18,322.0,122.0,0.0,,
1946-07-19,350.0,144.0,0.0,,
1946-07-20,372.0,194.0,0.0,,
1946-07-21,333.0,194.0,74.0,,
1946-07-22,250.0,183.0,5.0,,
1946-07-23,317.0,161.0,0.0,,
1946-07-24,333.0,144.0,0.0,,
1946-07-25,311.0,183.0,0.0,,
1946-07-26,272.0,111.0,0.0,,
1946-07-27,294.0,72.0,0.0,,
1946-07-28,322.0,89.0,0.0,,
1946-07-29,333.0,106.0,0.0,,
1946-07-30,333.0,150.0,0.0,,
1946-07-31,211.0,172.0,51.0,,
1946-08-01,261.0,156.0,0.0,,
1946-08-02,261.0,139.0,0.0,,
1946-08-03,311.0,117.0,0.0,,
1946-08-04,317.0,156.0,0.0,,
1946-08-05,328.0,178.0,0.0,,
1946-08-06,317.0,167.0,191.0,,
1946-08-07,244.0,178.0,0.0,,
1946-08-08,317.0,128.0,0.0,,
1946-08-09,322.0,167.0,0.0,,
1946-08-10,311.0,189.0,0.0,,
1946-08-11,283.0,150.0,0.0,,
1946-08-12,267.0,78.0,0.0,,
1946-08-13,256.0,78.0,0.0,,
1946-08-14,300.0,83.0,0.0,,
1946-08-15,294.0,89.0,0.0,,
1946-08-16,250.0,183.0,351.0,,
1946-08-17,244.0,189.0,25.0,,
1946-08-18,278.0,194.0,20.0,,
1946-08-19,294.0,156.0,0.0,,
1946-08-20,278.0,111.0,0.0,,
1946-08-21,278.0,100.0,0.0,,
1946-08-22,294.0,100.0,0.0,,
1946-08-23,244.0,111.0,0.0,,
1946-08-24,256.0,89.0,0.0,,
1946-08-25,239.0,89.0,0.0,,
1946-08-26,261.0,67.0,0.0,,
1946-08-27,278.0,61.0,0.0,,
1946-08-28,294.0,50.0,0.0,,
1946-08-29,278.0,144.0,0.0,,
1946-08-30,222.0,83.0,0.0,,
1946-08-31,244.0,67.0,0.0,,
1946-09-01,267.0,44.0,0.0,,
1946-09-02,267.0,94.0,0.0,,
1946-09-03,256.0,56.0,0.0,,
1946-09-04,278.0,33.0,0.0,,
1946-09-05,317.0,56.0,0.0,,
1946-09-06,322.0,72.0,0.0,,
1946-09-07,328.0,72.0,0.0,,
1946-09-08,311.0,133.0,0.0,,
1946-09-09,344.0,133.0,0.0,,
1946-09-10,333.0,167.0,140.0,,
1946-09-11,289.0,161.0,0.0,,
1946-09-12,267.0,83.0,0.0,,
1946-09-13,261.0,111.0,0.0,,
1946-09-14,256.0,106.0,0.0,,
1946-09-15,267.0,44.0,0.0,,
1946-09-16,272.0,39.0,0.0,,
1946-09-17,283.0,33.0,0.0,,
1946-09-18,300.0,50.0,0.0,,
1946-09-19,300.0,61.0,0.0,,
1946-09-20,244.0,100.0,117.0,,
1946-09-21,267.0,156.0,33.0,,
1946-09-22,306.0,111.0,0.0,,
1946-09-23,306.0,178.0,25.0,,
1946-09-24,250.0,161.0,211.0,,
1946-09-25,261.0,100.0,0.0,,
1946-09-26,261.0,72.0,0.0,,
1946-09-27,278.0,61.0,0.0,,
1946-09-28,306.0,128.0,0.0,,
1946-09-29,261.0,100.0,0.0,,
1946-09-30,244.0,89.0,193.0,,
1946-10-01,117.0,28.0,0.0,,
1946-10-02,189.0,-22.0,0.0,,
1946-10-03,244.0,-6.0,0.0,,
1946-10-04,272.0,11.0,0.0,,
1946-10-05,289.0,39.0,0.0,,
1946-10-06,283.0,39.0,0.0,,
1946-10-07,278.0,33.0,0.0,,
1946-10-08,272.0,67.0,0.0,,
1946-10-09,233.0,128.0,28.0,,
1946-10-10,200.0,122.0,0.0,,
1946-10-11,256.0,144.0,0.0,,
1946-10-12,211.0,72.0,241.0,,
1946-10-13,161.0,-11.0,25.0,,
1946-10-14,189.0,-28.0,0.0,,
1946-10-15,200.0,-11.0,0.0,,
1946-10-16,211.0,0.0,0.0,,
1946-10-17,217.0,100.0,0.0,,
1946-10-18,217.0,94.0,114.0,,
1946-10-19,194.0,94.0,8.0,,
1946-10-20,156.0,44.0,15.0,,
1946-10-21,156.0,-39.0,0.0,,
1946-10-22,200.0,6.0,0.0,,
1946-10-23,228.0,6.0,0.0,,
1946-10-24,250.0,6.0,0.0,,
1946-10-25,250.0,94.0,15.0,,
1946-10-26,200.0,78.0,330.0,,
1946-10-27,244.0,6.0,0.0,,
1946-10-28,250.0,28.0,0.0,,
1946-10-29,244.0,33.0,0.0,,
1946-10-30,250.0,72.0,0.0,,
1946-10-31,250.0,72.0,0.0,,
1946-11-01,244.0,128.0,0.0,,
1946-11-02,244.0,78.0,0.0,,
1946-11-03,267.0,56.0,0.0,,
1946-11-04,256.0,139.0,0.0,,
1946-11-05,139.0,6.0,0.0,,
1946-11-06,167.0,-33.0,0.0,,
1946-11-07,206.0,39.0,99.0,,
1946-11-08,150.0,100.0,5.0,,
1946-11-09,206.0,67.0,8.0,,
1946-11-10,239.0,0.0,0.0,,
1946-11-11,228.0,111.0,41.0,,
1946-11-12,111.0,39.0,5.0,,
1946-11-13,83.0,11.0,0.0,,
1946-11-14,106.0,-39.0,0.0,,
1946-11-15,117.0,-44.0,0.0,,
1946-11-16,239.0,-50.0,0.0,,
1946-11-17,189.0,61.0,183.0,,
1946-11-18,167.0,-56.0,0.0,,
1946-11-19,189.0,-72.0,0.0,,
1946-11-20,128.0,-39.0,0.0,,
1946-11-21,194.0,-56.0,0.0,,
1946-11-22,167.0,61.0,30.0,,
1946-11-23,72.0,-78.0,0.0,,
1946-11-24,194.0,-67.0,0.0,,
1946-11-25,194.0,33.0,0.0,,
1946-11-26,194.0,44.0,56.0,,
1946-11-27,161.0,56.0,97.0,,
1946-11-28,100.0,-50.0,0.0,,
1946-11-29,128.0,-33.0,0.0,,
1946-11-30,156.0,-39.0,0.0,,
1946-12-01,128.0,6.0,0.0,,
1946-12-02,106.0,-106.0,0.0,,
1946-12-03,50.0,-133.0,0.0,,
1946-12-04,89.0,-100.0,0.0,,
1946-12-05,133.0,-78.0,0.0,,
1946-12-06,133.0,-33.0,0.0,,
1946-12-07,172.0,-67.0,0.0,,
1946-12-08,156.0,-28.0,0.0,,
1946-12-09,178.0,-39.0,0.0,,
1946-12-10,167.0,-11.0,0.0,,
1946-12-11,144.0,56.0,124.0,,
1946-12-12,194.0,72.0,99.0,,
1946-12-13,189.0,17.0,97.0,,
1946-12-14,56.0,-11.0,0.0,,
1946-12-15,44.0,-28.0,10.0,,13.0
1946-12-16,61.0,-17.0,5.0,,
1946-12-17,56.0,0.0,0.0,,
1946-12-18,50.0,-56.0,0.0,,
1946-12-19,-11.0,-117.0,0.0,,
1946-12-20,22.0,-61.0,122.0,,
1946-12-21,44.0,11.0,58.0,,
1946-12-22,28.0,-11.0,38.0,,
1946-12-23,122.0,-67.0,0.0,,
1946-12-24,117.0,-17.0,0.0,,
1946-12-25,94.0,-33.0,0.0,,
1946-12-26,89.0,11.0,0.0,,
1946-12-27,156.0,-67.0,0.0,,
1946-12-28,156.0,122.0,0.0,,
1946-12-29,144.0,56.0,160.0,,
1946-12-30,139.0,-22.0,13.0,,
1946-12-31,-11.0,-33.0,0.0,,
1947-01-01,17.0,-39.0,157.0,76.0,76.0
1947-01-02,200.0,11.0,48.0,,0.0
1947-01-03,183.0,94.0,10.0,,0.0
1947-01-04,94.0,-11.0,0.0,,0.0
1947-01-05,44.0,-17.0,0.0,,0.0
1947-01-06,61.0,-61.0,61.0,76.0,76.0
1947-01-07,39.0,-83.0,46.0,51.0,25.0
1947-01-08,44.0,-67.0,0.0,,0.0
1947-01-09,39.0,-50.0,0.0,,0.0
1947-01-10,33.0,-117.0,0.0,,0.0
1947-01-11,144.0,-22.0,0.0,,0.0
1947-01-12,100.0,22.0,0.0,,0.0
1947-01-13,150.0,-33.0,0.0,,0.0
1947-01-14,222.0,22.0,0.0,,0.0
1947-01-15,200.0,72.0,117.0,,0.0
1947-01-16,,72.0,81.0,,0.0
1947-01-17,111.0,-39.0,0.0,,0.0
1947-01-18,72.0,-22.0,0.0,,0.0
1947-01-19,72.0,-39.0,13.0,,0.0
1947-01-20,111.0,50.0,163.0,,0.0
1947-01-21,106.0,-67.0,30.0,,0.0
1947-01-22,-67.0,-156.0,0.0,,0.0
1947-01-23,89.0,-122.0,0.0,,0.0
1947-01-24,122.0,6.0,0.0,,0.0
1947-01-25,150.0,67.0,46.0,,0.0
1947-01-26,111.0,22.0,102.0,,0.0
1947-01-27,161.0,-17.0,0.0,,0.0
1947-01-28,156.0,-6.0,0.0,,0.0
1947-01-29,217.0,0.0,0.0,,0.0
1947-01-30,194.0,33.0,81.0,,0.0
1947-01-31,106.0,0.0,0.0,,0.0
1947-02-01,89.0,-83.0,25.0,,0.0
1947-02-02,56.0,-67.0,15.0,,0.0
1947-02-03,139.0,-122.0,0.0,,0.0
1947-02-04,133.0,-122.0,69.0,51.0,51.0
1947-02-05,-28.0,-172.0,0.0,25.0,0.0
1947-02-06,-22.0,-144.0,10.0,,51.0
1947-02-07,-22.0,-56.0,46.0,178.0,102.0
1947-02-08,-28.0,-172.0,10.0,,0.0
1947-02-09,-56.0,-139.0,0.0,,0.0
1947-02-10,-39.0,-111.0,0.0,,0.0
1947-02-11,0.0,-122.0,0.0,,0.0
1947-02-12,33.0,-133.0,0.0,,0.0
1947-02-13,83.0,-111.0,0.0,,0.0
1947-02-14,144.0,-72.0,0.0,,0.0
1947-02-15,89.0,-39.0,5.0,,0.0
1947-02-16,50.0,0.0,18.0,,0.0
1947-02-17,61.0,-33.0,0.0,,0.0
1947-02-18,56.0,-50.0,0.0,,0.0
1947-02-19,56.0,-50.0,0.0,,0.0
1947-02-20,0.0,-56.0,122.0,152.0,152.0
1947-02-21,-44.0,-89.0,30.0,,51.0
1947-02-22,-39.0,-89.0,8.0,,76.0
1947-02-23,-33.0,-83.0,0.0,,0.0
1947-02-24,-39.0,-111.0,,,25.0
1947-02-25,-6.0,-72.0,33.0,,51.0
1947-02-26,0.0,-44.0,23.0,,51.0
1947-02-27,-17.0,-72.0,28.0,,102.0
1947-02-28,17.0,-200.0,0.0,,0.0
1947-03-01,50.0,-122.0,20.0,,
1947-03-02,44.0,-33.0,51.0,,127.0
1947-03-03,33.0,-56.0,51.0,,127.0
1947-03-04,0.0,-50.0,0.0,,
1947-03-05,33.0,-117.0,13.0,,
1947-03-06,50.0,-78.0,0.0,,
1947-03-07,56.0,-111.0,0.0,,
1947-03-08,56.0,-22.0,0.0,,
1947-03-09,56.0,-44.0,0.0,,
1947-03-10,56.0,-56.0,0.0,,
1947-03-11,72.0,-94.0,0.0,,
1947-03-12,111.0,-83.0,0.0,,
1947-03-13,139.0,-72.0,0.0,,
1947-03-14,139.0,56.0,69.0,,
1947-03-15,56.0,-22.0,0.0,,
1947-03-16,33.0,-33.0,0.0,,
1947-03-17,22.0,-50.0,10.0,,
1947-03-18,33.0,-78.0,0.0,,
1947-03-19,89.0,-72.0,0.0,,
1947-03-20,89.0,-78.0,0.0,,
1947-03-21,56.0,-33.0,18.0,,
1947-03-22,89.0,-11.0,0.0,,
1947-03-23,194.0,-11.0,13.0,,
1947-03-24,194.0,78.0,86.0,,
1947-03-25,144.0,-17.0,157.0,,25.0
1947-03-26,-6.0,-67.0,38.0,,127.0
1947-03-27,6.0,-72.0,0.0,,
1947-03-28,61.0,-111.0,8.0,,
1947-03-29,139.0,0.0,0.0,,
1947-03-30,128.0,-61.0,0.0,,
1947-03-31,178.0,-78.0,0.0,,
1947-04-01,211.0,-11.0,0.0,,
1947-04-02,211.0,94.0,0.0,,
1947-04-03,183.0,22.0,38.0,,
1947-04-04,200.0,-17.0,0.0,,
1947-04-05,317.0,128.0,0.0,,
1947-04-06,283.0,122.0,0.0,,
1947-04-07,244.0,72.0,0.0,,
1947-04-08,189.0,-50.0,0.0,,
1947-04-09,183.0,67.0,0.0,,
1947-04-10,228.0,-22.0,0.0,,
1947-04-11,228.0,83.0,0.0,,
1947-04-12,200.0,67.0,0.0,,
1947-04-13,211.0,11.0,0.0,,
1947-04-14,194.0,89.0,0.0,,
1947-04-15,250.0,17.0,0.0,,
1947-04-16,244.0,122.0,0.0,,
1947-04-17,189.0,33.0,0.0,,
1947-04-18,200.0,0.0,0.0,,
1947-04-19,256.0,22.0,0.0,,
1947-04-20,278.0,44.0,0.0,,
1947-04-21,278.0,111.0,36.0,,
1947-04-22,222.0,50.0,0.0,,
1947-04-23,306.0,56.0,0.0,,
1947-04-24,300.0,150.0,0.0,,
1947-04-25,211.0,144.0,10.0,,
1947-04-26,178.0,44.0,0.0,,
1947-04-27,211.0,-11.0,0.0,,
1947-04-28,200.0,-44.0,30.0,,
1947-04-29,261.0,-28.0,0.0,,
1947-04-30,261.0,122.0,239.0,,
1947-05-01,278.0,122.0,13.0,,
1947-05-02,278.0,83.0,114.0,,
1947-05-03,144.0,33.0,15.0,,
1947-05-04,211.0,56.0,61.0,,
1947-05-05,206.0,72.0,15.0,,
1947-05-06,167.0,78.0,10.0,,
1947-05-07,161.0,50.0,33.0,,
1947-05-08,100.0,-39.0,0.0,,
1947-05-09,111.0,-44.0,0.0,,
1947-05-10,183.0,-61.0,0.0,,
1947-05-11,256.0,-39.0,0.0,,
1947-05-12,283.0,-6.0,0.0,,
1947-05-13,189.0,44.0,15.0,,
1947-05-14,222.0,133.0,168.0,,
1947-05-15,222.0,83.0,0.0,,
1947-05-16,261.0,89.0,0.0,,
1947-05-17,294.0,139.0,226.0,,
1947-05-18,289.0,156.0,25.0,,
1947-05-19,250.0,144.0,36.0,,
1947-05-20,250.0,167.0,193.0,,
1947-05-21,228.0,156.0,13.0,,
1947-05-22,239.0,56.0,94.0,,
1947-05-23,289.0,72.0,0.0,,
1947-05-24,289.0,94.0,0.0,,
1947-05-25,222.0,144.0,191.0,,
1947-05-26,256.0,61.0,66.0,,
1947-05-27,283.0,94.0,0.0,,
1947-05-28,317.0,133.0,0.0,,
1947-05-29,317.0,133.0,71.0,,
1947-05-30,200.0,56.0,0.0,,
1947-05-31,222.0,22.0,0.0,,
1947-06-01,306.0,44.0,0.0,,
1947-06-02,267.0,144.0,0.0,,
1947-06-03,267.0,117.0,107.0,,
1947-06-04,272.0,89.0,0.0,,
1947-06-05,300.0,89.0,0.0,,
1947-06-06,272.0,156.0,28.0,,
1947-06-07,278.0,183.0,15.0,,
1947-06-08,294.0,183.0,457.0,,
1947-06-09,289.0,150.0,20.0,,
1947-06-10,344.0,150.0,0.0,,
1947-06-11,333.0,183.0,0.0,,
1947-06-12,311.0,167.0,0.0,,
1947-06-13,311.0,161.0,0.0,,
1947-06-14,222.0,189.0,61.0,,
1947-06-15,222.0,100.0,0.0,,
1947-06-16,178.0,117.0,0.0,,
1947-06-17,239.0,83.0,0.0,,
1947-06-18,172.0,78.0,84.0,,
1947-06-19,261.0,72.0,0.0,,
1947-06-20,272.0,133.0,3.0,,
1947-06-21,283.0,72.0,0.0,,
1947-06-22,278.0,78.0,0.0,,
1947-06-23,261.0,61.0,0.0,,
1947-06-24,267.0,100.0,0.0,,
1947-06-25,272.0,117.0,0.0,,
1947-06-26,278.0,139.0,74.0,,
1947-06-27,311.0,128.0,0.0,,
1947-06-28,294.0,183.0,53.0,,
1947-06-29,328.0,172.0,0.0,,
1947-06-30,300.0,189.0,0.0,,
1947-07-01,300.0,172.0,18.0,,
1947-07-02,278.0,111.0,0.0,,
1947-07-03,261.0,89.0,0.0,,
1947-07-04,294.0,89.0,0.0,,
1947-07-05,311.0,89.0,0.0,,
1947-07-06,306.0,133.0,0.0,,
1947-07-07,239.0,178.0,203.0,,
1947-07-08,211.0,150.0,10.0,,
1947-07-09,250.0,144.0,274.0,,
1947-07-10,250.0,122.0,76.0,,
1947-07-11,233.0,122.0,94.0,,
1947-07-12,300.0,133.0,0.0,,
1947-07-13,300.0,144.0,0.0,,
1947-07-14,294.0,183.0,0.0,,
1947-07-15,322.0,167.0,0.0,,
1947-07-16,322.0,161.0,13.0,,
1947-07-17,283.0,172.0,0.0,,
1947-07-18,306.0,183.0,91.0,,
1947-07-19,300.0,206.0,89.0,,
1947-07-20,294.0,133.0,0.0,,
1947-07-21,256.0,111.0,0.0,,
1947-07-22,261.0,106.0,48.0,,
1947-07-23,239.0,61.0,0.0,,
1947-07-24,267.0,61.0,0.0,,
1947-07-25,289.0,83.0,0.0,,
1947-07-26,294.0,83.0,0.0,,
1947-07-27,311.0,133.0,0.0,,
1947-07-28,,178.0,467.0,,
1947-07-29,283.0,156.0,0.0,,
1947-07-30,333.0,144.0,0.0,,
1947-07-31,,161.0,135.0,,
1947-08-01,267.0,139.0,0.0,,
1947-08-02,267.0,117.0,0.0,,
1947-08-03,250.0,161.0,0.0,,
1947-08-04,317.0,156.0,229.0,,
1947-08-05,317.0,183.0,0.0,,
1947-08-06,317.0,167.0,0.0,,
1947-08-07,311.0,156.0,0.0,,
1947-08-08,278.0,178.0,0.0,,
1947-08-09,317.0,183.0,0.0,,
1947-08-10,328.0,183.0,0.0,,
1947-08-11,344.0,167.0,0.0,,
1947-08-12,339.0,178.0,0.0,,
1947-08-13,339.0,200.0,0.0,,
1947-08-14,339.0,178.0,0.0,,
1947-08-15,306.0,172.0,10.0,,
1947-08-16,317.0,133.0,0.0,,
1947-08-17,311.0,111.0,64.0,,
1947-08-18,300.0,200.0,18.0,,
1947-08-19,317.0,206.0,36.0,,
1947-08-20,333.0,200.0,0.0,,
1947-08-21,,183.0,30.0,,
1947-08-22,289.0,194.0,0.0,,
1947-08-23,,183.0,0.0,,
1947-08-24,328.0,189.0,30.0,,
1947-08-25,,183.0,15.0,,
1947-08-26,,189.0,0.0,,
1947-08-27,,189.0,91.0,,
1947-08-28,294.0,194.0,0.0,,
1947-08-29,306.0,156.0,0.0,,
1947-08-30,311.0,172.0,0.0,,
1947-08-31,,206.0,0.0,,
1947-09-01,317.0,194.0,8.0,,
1947-09-02,294.0,183.0,28.0,,
1947-09-03,294.0,122.0,0.0,,
1947-09-04,317.0,133.0,0.0,,
1947-09-05,317.0,183.0,94.0,,
1947-09-06,278.0,167.0,422.0,,
1947-09-07,283.0,172.0,0.0,,
1947-09-08,317.0,178.0,0.0,,
1947-09-09,317.0,150.0,0.0,,
1947-09-10,306.0,150.0,0.0,,
1947-09-11,322.0,156.0,0.0,,
1947-09-12,322.0,161.0,0.0,,
1947-09-13,328.0,172.0,28.0,,
1947-09-14,322.0,167.0,36.0,,
1947-09-15,300.0,156.0,3.0,,
1947-09-16,239.0,111.0,203.0,,
1947-09-17,300.0,67.0,0.0,,
1947-09-18,306.0,72.0,0.0,,
1947-09-19,,122.0,0.0,,
1947-09-20,294.0,194.0,0.0,,
1947-09-21,300.0,161.0,0.0,,
1947-09-22,294.0,128.0,193.0,,
1947-09-23,200.0,0.0,0.0,,
1947-09-24,,44.0,0.0,,
1947-09-25,167.0,72.0,0.0,,
1947-09-26,,56.0,0.0,,
1947-09-27,200.0,-11.0,0.0,,
1947-09-28,222.0,-22.0,0.0,,
1947-09-29,217.0,28.0,0.0,,
1947-09-30,189.0,83.0,20.0,,
1947-10-01,150.0,-39.0,0.0,,
1947-10-02,178.0,-44.0,0.0,,
1947-10-03,239.0,-6.0,0.0,,
1947-10-04,278.0,39.0,0.0,,
1947-10-05,272.0,44.0,0.0,,
1947-10-06,267.0,67.0,0.0,,
1947-10-07,267.0,50.0,0.0,,
1947-10-08,267.0,89.0,0.0,,
1947-10-09,222.0,139.0,64.0,,
1947-10-10,217.0,156.0,0.0,,
1947-10-11,261.0,111.0,0.0,,
1947-10-12,261.0,89.0,0.0,,
1947-10-13,256.0,89.0,0.0,,
1947-10-14,256.0,111.0,0.0,,
1947-10-15,294.0,17.0,0.0,,
1947-10-16,294.0,106.0,0.0,,
1947-10-17,278.0,106.0,0.0,,
1947-10-18,256.0,144.0,41.0,,
1947-10-19,250.0,133.0,58.0,,
1947-10-20,239.0,94.0,0.0,,
1947-10-21,261.0,33.0,0.0,,
1947-10-22,278.0,17.0,0.0,,
1947-10-23,278.0,28.0,0.0,,
1947-10-24,278.0,83.0,0.0,,
1947-10-25,228.0,67.0,0.0,,
1947-10-26,250.0,72.0,0.0,,
1947-10-27,244.0,56.0,0.0,,
1947-10-28,194.0,122.0,185.0,,
1947-10-29,194.0,106.0,28.0,,
1947-10-30,111.0,89.0,25.0,,
1947-10-31,122.0,67.0,0.0,,
1947-11-01,194.0,72.0,0.0,,0.0
1947-11-02,144.0,0.0,0.0,,0.0
1947-11-03,144.0,94.0,109.0,,0.0
1947-11-04,128.0,106.0,0.0,,0.0
1947-11-05,161.0,83.0,0.0,,0.0
1947-11-06,156.0,89.0,0.0,,0.0
1947-11-07,167.0,-11.0,0.0,,0.0
1947-11-08,161.0,6.0,48.0,,0.0
1947-11-09,89.0,22.0,0.0,,0.0
1947-11-10,183.0,-39.0,0.0,,0.0
1947-11-11,167.0,89.0,122.0,,0.0
1947-11-12,128.0,0.0,58.0,,0.0
1947-11-13,106.0,-61.0,0.0,,0.0
1947-11-14,111.0,-72.0,0.0,,0.0
1947-11-15,122.0,28.0,112.0,,0.0
1947-11-16,139.0,61.0,0.0,,0.0
1947-11-17,128.0,11.0,0.0,,0.0
1947-11-18,44.0,-39.0,0.0,,0.0
1947-11-19,111.0,-22.0,0.0,,0.0
1947-11-20,128.0,-28.0,0.0,,0.0
1947-11-21,128.0,-50.0,0.0,,0.0
1947-11-22,144.0,0.0,0.0,,0.0
1947-11-23,183.0,0.0,8.0,,0.0
1947-11-24,106.0,50.0,124.0,,0.0
1947-11-25,56.0,-11.0,0.0,,0.0
1947-11-26,6.0,-22.0,0.0,,0.0
1947-11-27,22.0,-67.0,0.0,,0.0
1947-11-28,39.0,0.0,30.0,51.0,38.0
1947-11-29,78.0,-78.0,0.0,,0.0
1947-11-30,33.0,-100.0,0.0,,0.0
1947-12-01,89.0,-133.0,0.0,,0.0
1947-12-02,167.0,-100.0,0.0,,0.0
1947-12-03,156.0,-67.0,0.0,,0.0
1947-12-04,156.0,0.0,15.0,,0.0
1947-12-05,150.0,6.0,15.0,,0.0
1947-12-06,133.0,11.0,0.0,,0.0
1947-12-07,144.0,-44.0,28.0,,0.0
1947-12-08,144.0,50.0,140.0,,0.0
1947-12-09,56.0,-33.0,0.0,,0.0
1947-12-10,11.0,-111.0,10.0,,0.0
1947-12-11,44.0,-22.0,15.0,,0.0
1947-12-12,28.0,-28.0,0.0,,0.0
1947-12-13,128.0,-100.0,0.0,,0.0
1947-12-14,72.0,-50.0,0.0,,0.0
1947-12-15,44.0,-100.0,46.0,,0.0
1947-12-16,139.0,0.0,56.0,,0.0
1947-12-17,39.0,-89.0,0.0,,0.0
1947-12-18,100.0,-44.0,0.0,,0.0
1947-12-19,89.0,-72.0,0.0,,0.0
1947-12-20,133.0,-94.0,0.0,,0.0
1947-12-21,89.0,-61.0,0.0,,0.0
1947-12-22,83.0,-111.0,0.0,,0.0
1947-12-23,83.0,-22.0,46.0,,51.0
1947-12-24,28.0,-78.0,0.0,,0.0
1947-12-25,50.0,-128.0,0.0,,0.0
1947-12-26,22.0,-67.0,18.0,,38.0
1947-12-27,28.0,-28.0,0.0,,0.0
1947-12-28,11.0,-33.0,0.0,,0.0
1947-12-29,28.0,-144.0,0.0,,0.0
1947-12-30,156.0,-106.0,0.0,,0.0
1947-12-31,122.0,17.0,0.0,,0.0
1948-01-01,122.0,44.0,295.0,,0.0
1948-01-02,117.0,-22.0,15.0,25.0,25.0
1948-01-03,6.0,-28.0,0.0,,0.0
1948-01-04,89.0,-33.0,0.0,,0.0
1948-01-05,67.0,-6.0,20.0,25.0,25.0
1948-01-06,33.0,-11.0,36.0,51.0,51.0
1948-01-07,11.0,-139.0,0.0,,0.0
1948-01-08,111.0,-83.0,0.0,,0.0
1948-01-09,128.0,22.0,79.0,,0.0
1948-01-10,67.0,-33.0,8.0,,0.0
1948-01-11,44.0,-139.0,0.0,,0.0
1948-01-12,61.0,-72.0,74.0,,0.0
1948-01-13,17.0,-11.0,157.0,76.0,76.0
1948-01-14,-11.0,-111.0,15.0,102.0,25.0
1948-01-15,-28.0,-244.0,0.0,,0.0
1948-01-16,50.0,-89.0,0.0,,0.0
1948-01-17,22.0,-72.0,0.0,,0.0
1948-01-18,-6.0,-172.0,0.0,,0.0
1948-01-19,17.0,-228.0,0.0,,0.0
1948-01-20,61.0,-156.0,0.0,,0.0
1948-01-21,67.0,0.0,0.0,,0.0
1948-01-22,50.0,-83.0,61.0,102.0,102.0
1948-01-23,-33.0,-122.0,30.0,152.0,51.0
1948-01-24,,-133.0,76.0,203.0,51.0
1948-01-25,,-156.0,5.0,229.0,25.0
1948-01-26,-11.0,-267.0,0.0,,0.0
1948-01-27,-28.0,-78.0,8.0,25.0,25.0
1948-01-28,-44.0,-222.0,0.0,,0.0
1948-01-29,-6.0,-189.0,0.0,,0.0
1948-01-30,-28.0,-183.0,0.0,,0.0
1948-01-31,-6.0,-156.0,0.0,,0.0
1948-02-01,39.0,-128.0,76.0,152.0,152.0
1948-02-02,83.0,,0.0,,
1948-02-03,39.0,,0.0,,
1948-02-04,17.0,-22.0,241.0,76.0,
1948-02-05,17.0,0.0,102.0,102.0,25.0
1948-02-06,6.0,0.0,30.0,127.0,25.0
1948-02-07,122.0,-128.0,0.0,,
1948-02-08,28.0,-28.0,71.0,,
1948-02-09,-11.0,-128.0,0.0,,
1948-02-10,6.0,-167.0,0.0,,
1948-02-11,111.0,-106.0,0.0,,
1948-02-12,139.0,6.0,43.0,,
1948-02-13,139.0,33.0,15.0,,
1948-02-14,200.0,0.0,145.0,,
1948-02-15,89.0,-83.0,0.0,,
1948-02-16,172.0,-44.0,0.0,,
1948-02-17,178.0,33.0,0.0,,
1948-02-18,200.0,-22.0,0.0,,
1948-02-19,222.0,28.0,0.0,,
1948-02-20,222.0,-22.0,0.0,,
1948-02-21,67.0,-72.0,0.0,,
1948-02-22,56.0,-28.0,46.0,,76.0
1948-02-23,100.0,-67.0,0.0,,
1948-02-24,150.0,-67.0,0.0,,
1948-02-25,150.0,39.0,79.0,,
1948-02-26,144.0,100.0,254.0,,
1948-02-27,161.0,-33.0,20.0,,
1948-02-28,206.0,72.0,86.0,,
1948-02-29,44.0,17.0,0.0,,
1948-03-01,139.0,-33.0,0.0,,
1948-03-02,178.0,22.0,183.0,,
1948-03-03,172.0,72.0,53.0,,
1948-03-04,94.0,-11.0,10.0,,
1948-03-05,56.0,-94.0,0.0,,
1948-03-06,167.0,-61.0,0.0,,
1948-03-07,133.0,28.0,127.0,,
1948-03-08,100.0,-6.0,0.0,,
1948-03-09,133.0,-33.0,0.0,,
1948-03-10,128.0,-39.0,0.0,,
1948-03-11,128.0,-11.0,15.0,,
1948-03-12,11.0,-78.0,0.0,,
1948-03-13,56.0,-122.0,0.0,,
1948-03-14,178.0,-83.0,0.0,,
1948-03-15,211.0,-22.0,0.0,,
1948-03-16,200.0,94.0,104.0,,
1948-03-17,194.0,61.0,0.0,,
1948-03-18,211.0,-39.0,0.0,,
1948-03-19,256.0,111.0,25.0,,
1948-03-20,261.0,61.0,155.0,,
1948-03-21,289.0,117.0,0.0,,
1948-03-22,294.0,144.0,58.0,,
1948-03-23,244.0,128.0,46.0,,
1948-03-24,222.0,78.0,218.0,,
1948-03-25,250.0,6.0,0.0,,
1948-03-26,250.0,61.0,20.0,,
1948-03-27,200.0,122.0,58.0,,
1948-03-28,33.0,-39.0,0.0,,
1948-03-29,200.0,-78.0,0.0,,
1948-03-30,217.0,6.0,0.0,,
1948-03-31,211.0,56.0,94.0,,
1948-04-01,239.0,67.0,13.0,,
1948-04-02,228.0,39.0,102.0,,
1948-04-03,128.0,0.0,0.0,,
1948-04-04,239.0,-39.0,0.0,,
1948-04-05,233.0,67.0,0.0,,
1948-04-06,222.0,122.0,33.0,,
1948-04-07,239.0,83.0,0.0,,
1948-04-08,256.0,117.0,10.0,,
1948-04-09,239.0,44.0,0.0,,
1948-04-10,144.0,-56.0,0.0,,
1948-04-11,228.0,39.0,0.0,,
1948-04-12,239.0,106.0,424.0,,
1948-04-13,228.0,83.0,287.0,,
1948-04-14,211.0,128.0,226.0,,
1948-04-15,178.0,72.0,0.0,,
1948-04-16,256.0,56.0,0.0,,
1948-04-17,256.0,28.0,0.0,,
1948-04-18,244.0,-22.0,0.0,,
1948-04-19,283.0,56.0,0.0,,
1948-04-20,294.0,94.0,0.0,,
1948-04-21,283.0,117.0,0.0,,
1948-04-22,222.0,33.0,0.0,,
1948-04-23,283.0,33.0,0.0,,
1948-04-24,306.0,100.0,0.0,,
1948-04-25,311.0,100.0,0.0,,
1948-04-26,317.0,89.0,0.0,,
1948-04-27,278.0,128.0,3.0,,
1948-04-28,144.0,111.0,193.0,,
1948-04-29,128.0,72.0,13.0,,
1948-04-30,194.0,28.0,0.0,,
1948-05-01,244.0,44.0,30.0,,
1948-05-02,244.0,56.0,180.0,,
1948-05-03,217.0,106.0,239.0,,
1948-05-04,194.0,72.0,0.0,,
1948-05-05,244.0,78.0,165.0,,
1948-05-06,222.0,33.0,0.0,,
1948-05-07,194.0,72.0,140.0,,
1948-05-08,300.0,67.0,10.0,,
1948-05-09,322.0,72.0,0.0,,
1948-05-10,333.0,111.0,0.0,,
1948-05-11,328.0,100.0,0.0,,
1948-05-12,267.0,122.0,0.0,,
1948-05-13,222.0,144.0,20.0,,
1948-05-14,194.0,128.0,43.0,,
1948-05-15,178.0,94.0,5.0,,
1948-05-16,211.0,122.0,58.0,,
1948-05-17,222.0,106.0,58.0,,
1948-05-18,222.0,100.0,33.0,,
1948-05-19,228.0,39.0,0.0,,
1948-05-20,256.0,6.0,0.0,,
1948-05-21,239.0,89.0,0.0,,
1948-05-22,294.0,56.0,58.0,,
1948-05-23,294.0,33.0,0.0,,
1948-05-24,256.0,100.0,0.0,,
1948-05-25,256.0,67.0,0.0,,
1948-05-26,267.0,89.0,0.0,,
1948-05-27,311.0,89.0,0.0,,
1948-05-28,256.0,100.0,0.0,,
1948-05-29,,161.0,46.0,,
1948-05-30,,161.0,25.0,,
1948-05-31,256.0,100.0,0.0,,
1948-06-01,250.0,67.0,0.0,,
1948-06-02,294.0,56.0,0.0,,
1948-06-03,294.0,89.0,0.0,,
1948-06-04,300.0,139.0,0.0,,
1948-06-05,289.0,133.0,23.0,,
1948-06-06,311.0,117.0,0.0,,
1948-06-07,306.0,144.0,371.0,,
1948-06-08,239.0,156.0,170.0,,
1948-06-09,206.0,128.0,18.0,,
1948-06-10,256.0,89.0,0.0,,
1948-06-11,283.0,106.0,0.0,,
1948-06-12,311.0,133.0,0.0,,
1948-06-13,317.0,172.0,406.0,,
1948-06-14,278.0,183.0,0.0,,
1948-06-15,300.0,139.0,0.0,,
1948-06-16,300.0,161.0,64.0,,
1948-06-17,256.0,72.0,0.0,,
1948-06-18,272.0,106.0,0.0,,
1948-06-19,289.0,94.0,0.0,,
1948-06-20,317.0,167.0,0.0,,
1948-06-21,356.0,122.0,0.0,,
1948-06-22,339.0,167.0,0.0,,
1948-06-23,383.0,172.0,0.0,,
1948-06-24,333.0,183.0,94.0,,
1948-06-25,300.0,189.0,53.0,,
1948-06-26,333.0,194.0,0.0,,
1948-06-27,356.0,178.0,20.0,,
1948-06-28,339.0,178.0,0.0,,
1948-06-29,339.0,172.0,325.0,,
1948-06-30,283.0,183.0,48.0,,
1948-07-01,283.0,156.0,15.0,,
1948-07-02,283.0,94.0,0.0,,
1948-07-03,350.0,72.0,0.0,,
1948-07-04,339.0,167.0,0.0,,
1948-07-05,344.0,156.0,0.0,,
1948-07-06,339.0,178.0,300.0,,
1948-07-07,272.0,94.0,157.0,,
1948-07-08,289.0,106.0,0.0,,
1948-07-09,306.0,111.0,0.0,,
1948-07-10,317.0,122.0,0.0,,
1948-07-11,317.0,161.0,0.0,,
1948-07-12,322.0,183.0,53.0,,
1948-07-13,267.0,200.0,157.0,,
1948-07-14,289.0,200.0,91.0,,
1948-07-15,283.0,183.0,81.0,,
1948-07-16,289.0,194.0,130.0,,
1948-07-17,322.0,200.0,15.0,,
1948-07-18,311.0,183.0,109.0,,
1948-07-19,311.0,178.0,81.0,,
1948-07-20,306.0,167.0,69.0,,
1948-07-21,294.0,189.0,8.0,,
1948-07-22,317.0,106.0,490.0,,
1948-07-23,289.0,200.0,132.0,,
1948-07-24,244.0,167.0,0.0,,
1948-07-25,283.0,111.0,0.0,,
1948-07-26,289.0,122.0,0.0,,
1948-07-27,289.0,183.0,58.0,,
1948-07-28,294.0,161.0,0.0,,
1948-07-29,333.0,167.0,0.0,,
1948-07-30,328.0,167.0,38.0,,
1948-07-31,328.0,200.0,102.0,,
1948-08-01,294.0,189.0,53.0,0.0,0.0
1948-08-02,317.0,144.0,0.0,0.0,0.0
1948-08-03,294.0,172.0,8.0,0.0,0.0
1948-08-04,283.0,122.0,0.0,0.0,0.0
1948-08-05,267.0,144.0,305.0,0.0,0.0
1948-08-06,294.0,89.0,0.0,0.0,0.0
1948-08-07,244.0,89.0,0.0,0.0,0.0
1948-08-08,272.0,106.0,0.0,0.0,0.0
1948-08-09,294.0,106.0,0.0,0.0,0.0
1948-08-10,317.0,111.0,0.0,0.0,0.0
1948-08-11,317.0,133.0,0.0,0.0,0.0
1948-08-12,289.0,178.0,127.0,0.0,0.0
1948-08-13,289.0,156.0,0.0,0.0,0.0
1948-08-14,256.0,144.0,76.0,0.0,0.0
1948-08-15,294.0,122.0,0.0,0.0,0.0
1948-08-16,311.0,133.0,0.0,0.0,0.0
1948-08-17,294.0,144.0,0.0,0.0,0.0
1948-08-18,278.0,133.0,0.0,0.0,0.0
1948-08-19,289.0,156.0,0.0,0.0,0.0
1948-08-20,289.0,161.0,0.0,0.0,0.0
1948-08-21,289.0,139.0,0.0,0.0,0.0
1948-08-22,311.0,128.0,0.0,0.0,0.0
1948-08-23,311.0,144.0,0.0,0.0,0.0
1948-08-24,350.0,94.0,0.0,0.0,0.0
1948-08-25,356.0,161.0,0.0,0.0,0.0
1948-08-26,367.0,167.0,0.0,0.0,0.0
1948-08-27,389.0,194.0,0.0,0.0,0.0
1948-08-28,372.0,189.0,0.0,0.0,0.0
1948-08-29,367.0,183.0,94.0,0.0,0.0
1948-08-30,328.0,189.0,160.0,0.0,0.0
1948-08-31,256.0,172.0,15.0,0.0,0.0
1948-09-01,267.0,78.0,0.0,0.0,0.0
1948-09-02,300.0,72.0,0.0,0.0,0.0
1948-09-03,322.0,89.0,0.0,0.0,0.0
1948-09-04,311.0,144.0,5.0,0.0,0.0
1948-09-05,306.0,139.0,0.0,0.0,0.0
1948-09-06,300.0,133.0,5.0,0.0,0.0
1948-09-07,278.0,144.0,0.0,0.0,0.0
1948-09-08,306.0,172.0,81.0,0.0,0.0
1948-09-09,294.0,156.0,71.0,0.0,0.0
1948-09-10,239.0,161.0,254.0,0.0,0.0
1948-09-11,256.0,89.0,0.0,0.0,0.0
1948-09-12,306.0,100.0,0.0,0.0,0.0
1948-09-13,311.0,111.0,0.0,0.0,0.0
1948-09-14,289.0,144.0,0.0,0.0,0.0
1948-09-15,278.0,61.0,0.0,0.0,0.0
1948-09-16,289.0,61.0,0.0,0.0,0.0
1948-09-17,306.0,100.0,0.0,0.0,0.0
1948-09-18,300.0,133.0,0.0,0.0,0.0
1948-09-19,311.0,128.0,605.0,0.0,0.0
1948-09-20,239.0,156.0,43.0,0.0,0.0
1948-09-21,211.0,167.0,363.0,0.0,0.0
1948-09-22,189.0,122.0,127.0,0.0,0.0
1948-09-23,206.0,56.0,0.0,0.0,0.0
1948-09-24,194.0,67.0,0.0,0.0,0.0
1948-09-25,167.0,83.0,0.0,0.0,0.0
1948-09-26,233.0,17.0,0.0,0.0,0.0
1948-09-27,267.0,22.0,0.0,0.0,0.0
1948-09-28,256.0,56.0,0.0,0.0,0.0
1948-09-29,261.0,139.0,0.0,0.0,0.0
1948-09-30,261.0,139.0,0.0,0.0,0.0
1948-10-01,250.0,133.0,13.0,0.0,0.0
1948-10-02,256.0,122.0,0.0,0.0,0.0
1948-10-03,244.0,133.0,0.0,0.0,0.0
1948-10-04,167.0,100.0,0.0,0.0,0.0
1948-10-05,133.0,67.0,0.0,0.0,0.0
1948-10-06,139.0,44.0,0.0,0.0,0.0
1948-10-07,233.0,33.0,0.0,0.0,0.0
1948-10-08,222.0,100.0,51.0,0.0,0.0
1948-10-09,194.0,50.0,0.0,0.0,0.0
1948-10-10,222.0,61.0,0.0,0.0,0.0
1948-10-11,222.0,89.0,25.0,0.0,0.0
1948-10-12,144.0,61.0,0.0,0.0,0.0
1948-10-13,178.0,28.0,0.0,0.0,0.0
1948-10-14,167.0,33.0,28.0,0.0,0.0
1948-10-15,189.0,-6.0,0.0,0.0,0.0
1948-10-16,267.0,6.0,0.0,0.0,0.0
1948-10-17,250.0,67.0,79.0,0.0,0.0
1948-10-18,83.0,-11.0,122.0,0.0,0.0
1948-10-19,150.0,-61.0,0.0,0.0,0.0
1948-10-20,139.0,-17.0,5.0,0.0,0.0
1948-10-21,161.0,-61.0,0.0,0.0,0.0
1948-10-22,156.0,28.0,0.0,0.0,0.0
1948-10-23,183.0,-17.0,0.0,0.0,0.0
1948-10-24,156.0,17.0,0.0,0.0,0.0
1948-10-25,144.0,44.0,0.0,0.0,0.0
1948-10-26,150.0,-17.0,0.0,0.0,0.0
1948-10-27,194.0,-28.0,0.0,0.0,0.0
1948-10-28,222.0,0.0,0.0,0.0,0.0
1948-10-29,217.0,-17.0,0.0,0.0,0.0
1948-10-30,239.0,-22.0,0.0,0.0,0.0
1948-10-31,200.0,-11.0,3.0,0.0,0.0
1948-11-01,183.0,106.0,119.0,0.0,0.0
1948-11-02,217.0,94.0,0.0,0.0,0.0
1948-11-03,194.0,72.0,117.0,0.0,0.0
1948-11-04,233.0,94.0,0.0,0.0,0.0
1948-11-05,289.0,22.0,0.0,0.0,0.0
1948-11-06,256.0,111.0,165.0,0.0,0.0
1948-11-07,156.0,83.0,0.0,0.0,0.0
1948-11-08,233.0,-28.0,0.0,0.0,0.0
1948-11-09,200.0,-11.0,30.0,0.0,0.0
1948-11-10,183.0,22.0,56.0,0.0,0.0
1948-11-11,211.0,-56.0,0.0,0.0,0.0
1948-11-12,150.0,-61.0,0.0,0.0,0.0
1948-11-13,133.0,72.0,58.0,0.0,0.0
1948-11-14,122.0,-28.0,0.0,0.0,0.0
1948-11-15,139.0,-22.0,0.0,0.0,0.0
1948-11-16,222.0,-44.0,0.0,0.0,0.0
1948-11-17,194.0,44.0,13.0,0.0,0.0
1948-11-18,222.0,-56.0,0.0,0.0,0.0
1948-11-19,222.0,22.0,41.0,0.0,0.0
1948-11-20,211.0,89.0,74.0,0.0,0.0
1948-11-21,150.0,-33.0,0.0,0.0,0.0
1948-11-22,111.0,-6.0,89.0,0.0,0.0
1948-11-23,89.0,-11.0,13.0,0.0,0.0
1948-11-24,89.0,11.0,0.0,0.0,0.0
1948-11-25,106.0,-56.0,0.0,0.0,0.0
1948-11-26,200.0,-44.0,0.0,0.0,0.0
1948-11-27,139.0,78.0,124.0,0.0,0.0
1948-11-28,133.0,-28.0,71.0,0.0,0.0
1948-11-29,83.0,28.0,201.0,0.0,0.0
1948-11-30,128.0,28.0,3.0,0.0,0.0
1948-12-01,,-56.0,0.0,0.0,
1948-12-02,,-78.0,0.0,0.0,
1948-12-03,,39.0,165.0,0.0,
1948-12-04,144.0,61.0,0.0,0.0,
1948-12-05,133.0,-22.0,0.0,0.0,
1948-12-06,178.0,67.0,104.0,0.0,
1948-12-07,144.0,-61.0,0.0,0.0,
1948-12-08,144.0,-17.0,0.0,0.0,
1948-12-09,50.0,-89.0,0.0,0.0,
1948-12-10,39.0,-72.0,0.0,0.0,
1948-12-11,83.0,-100.0,0.0,0.0,
1948-12-12,156.0,-11.0,0.0,0.0,
1948-12-13,189.0,50.0,25.0,0.0,
1948-12-14,178.0,56.0,0.0,0.0,
1948-12-15,167.0,61.0,561.0,0.0,
1948-12-16,167.0,150.0,302.0,0.0,
1948-12-17,150.0,-11.0,0.0,0.0,
1948-12-18,56.0,-67.0,0.0,0.0,
1948-12-19,44.0,-6.0,132.0,0.0,
1948-12-20,33.0,-17.0,15.0,25.0,
1948-12-21,128.0,-6.0,0.0,0.0,
1948-12-22,111.0,-33.0,0.0,0.0,
1948-12-23,56.0,-50.0,0.0,0.0,
1948-12-24,17.0,-39.0,0.0,0.0,
1948-12-25,0.0,-61.0,0.0,0.0,
1948-12-26,-33.0,-156.0,0.0,0.0,
1948-12-27,28.0,-156.0,0.0,0.0,
1948-12-28,111.0,-111.0,0.0,0.0,
1948-12-29,128.0,-11.0,48.0,0.0,
1948-12-30,139.0,0.0,61.0,0.0,
1948-12-31,11.0,-56.0,13.0,25.0,
1949-01-01,11.0,-61.0,0.0,0.0,0.0
1949-01-02,61.0,-106.0,0.0,0.0,0.0
1949-01-03,78.0,-72.0,0.0,0.0,0.0
1949-01-04,117.0,-17.0,23.0,0.0,0.0
1949-01-05,150.0,44.0,163.0,0.0,0.0
1949-01-06,150.0,-17.0,0.0,0.0,0.0
1949-01-07,128.0,6.0,0.0,0.0,0.0
1949-01-08,167.0,-6.0,0.0,0.0,0.0
1949-01-09,156.0,33.0,0.0,0.0,0.0
1949-01-10,183.0,17.0,0.0,0.0,0.0
1949-01-11,111.0,39.0,43.0,0.0,0.0
1949-01-12,39.0,-6.0,99.0,51.0,
1949-01-13,33.0,-11.0,0.0,0.0,0.0
1949-01-14,61.0,-39.0,10.0,0.0,0.0
1949-01-15,200.0,-39.0,0.0,0.0,0.0
1949-01-16,228.0,-6.0,0.0,0.0,0.0
1949-01-17,200.0,44.0,36.0,0.0,0.0
1949-01-18,206.0,44.0,20.0,0.0,0.0
1949-01-19,178.0,44.0,8.0,0.0,0.0
1949-01-20,56.0,-67.0,0.0,0.0,0.0
1949-01-21,61.0,-67.0,46.0,0.0,0.0
1949-01-22,111.0,50.0,140.0,0.0,0.0
1949-01-23,83.0,33.0,25.0,0.0,0.0
1949-01-24,172.0,78.0,249.0,0.0,0.0
1949-01-25,161.0,83.0,58.0,0.0,0.0
1949-01-26,167.0,67.0,249.0,0.0,0.0
1949-01-27,117.0,50.0,99.0,0.0,0.0
1949-01-28,183.0,89.0,53.0,0.0,0.0
1949-01-29,100.0,-39.0,0.0,0.0,0.0
1949-01-30,-11.0,-139.0,0.0,0.0,0.0
1949-01-31,39.0,-56.0,173.0,51.0,
1949-02-01,17.0,-56.0,0.0,0.0,0.0
1949-02-02,33.0,-117.0,0.0,0.0,0.0
1949-02-03,128.0,-117.0,0.0,0.0,0.0
1949-02-04,100.0,17.0,51.0,0.0,0.0
1949-02-05,83.0,-6.0,0.0,0.0,0.0
1949-02-06,144.0,-72.0,0.0,0.0,0.0
1949-02-07,200.0,-61.0,69.0,0.0,0.0
1949-02-08,178.0,-111.0,0.0,0.0,0.0
1949-02-09,167.0,-17.0,0.0,0.0,0.0
1949-02-10,100.0,-6.0,0.0,0.0,0.0
1949-02-11,44.0,-50.0,0.0,0.0,0.0
1949-02-12,178.0,-22.0,0.0,0.0,0.0
1949-02-13,183.0,6.0,0.0,0.0,0.0
1949-02-14,194.0,122.0,236.0,0.0,0.0
1949-02-15,200.0,122.0,69.0,0.0,0.0
1949-02-16,128.0,22.0,84.0,0.0,0.0
1949-02-17,78.0,-39.0,0.0,0.0,0.0
1949-02-18,178.0,-67.0,0.0,0.0,0.0
1949-02-19,178.0,28.0,5.0,0.0,0.0
1949-02-20,172.0,89.0,102.0,0.0,0.0
1949-02-21,167.0,17.0,0.0,0.0,0.0
1949-02-22,128.0,33.0,53.0,0.0,0.0
1949-02-23,111.0,22.0,30.0,0.0,0.0
1949-02-24,167.0,-39.0,0.0,0.0,0.0
1949-02-25,150.0,17.0,10.0,0.0,0.0
1949-02-26,33.0,-11.0,0.0,0.0,0.0
1949-02-27,156.0,-72.0,0.0,0.0,0.0
1949-02-28,161.0,-56.0,84.0,0.0,0.0
1949-03-01,-28.0,-94.0,0.0,0.0,0.0
1949-03-02,61.0,-50.0,0.0,0.0,0.0
1949-03-03,56.0,-67.0,0.0,0.0,0.0
1949-03-04,150.0,-72.0,81.0,0.0,0.0
1949-03-05,211.0,-72.0,0.0,0.0,0.0
1949-03-06,128.0,44.0,0.0,0.0,0.0
1949-03-07,128.0,-78.0,0.0,0.0,0.0
1949-03-08,156.0,-72.0,0.0,0.0,0.0
1949-03-09,144.0,-39.0,0.0,0.0,0.0
1949-03-10,111.0,44.0,147.0,0.0,0.0
1949-03-11,83.0,-22.0,66.0,0.0,0.0
1949-03-12,0.0,-50.0,0.0,0.0,0.0
1949-03-13,67.0,-67.0,0.0,0.0,0.0
1949-03-14,111.0,-89.0,0.0,0.0,0.0
1949-03-15,94.0,-56.0,15.0,0.0,0.0
1949-03-16,33.0,-89.0,0.0,0.0,0.0
1949-03-17,44.0,-11.0,30.0,0.0,0.0
1949-03-18,50.0,-17.0,112.0,0.0,0.0
1949-03-19,17.0,-61.0,0.0,0.0,0.0
1949-03-20,128.0,-106.0,0.0,0.0,0.0
1949-03-21,228.0,-33.0,0.0,0.0,0.0
1949-03-22,228.0,56.0,0.0,0.0,0.0
1949-03-23,183.0,72.0,10.0,0.0,0.0
1949-03-24,278.0,-11.0,0.0,0.0,0.0
1949-03-25,278.0,83.0,99.0,0.0,0.0
1949-03-26,256.0,89.0,10.0,0.0,0.0
1949-03-27,272.0,139.0,0.0,0.0,0.0
1949-03-28,211.0,100.0,20.0,0.0,0.0
1949-03-29,256.0,-11.0,0.0,0.0,0.0
1949-03-30,267.0,11.0,0.0,0.0,0.0
1949-03-31,261.0,106.0,28.0,0.0,0.0
1949-04-01,183.0,56.0,5.0,0.0,0.0
1949-04-02,139.0,-39.0,0.0,0.0,0.0
1949-04-03,144.0,0.0,0.0,0.0,0.0
1949-04-04,156.0,-17.0,0.0,0.0,0.0
1949-04-05,161.0,-28.0,15.0,0.0,0.0
1949-04-06,61.0,33.0,163.0,0.0,0.0
1949-04-07,139.0,-56.0,38.0,0.0,0.0
1949-04-08,128.0,39.0,48.0,0.0,0.0
1949-04-09,150.0,-33.0,41.0,0.0,0.0
1949-04-10,178.0,-56.0,0.0,0.0,0.0
1949-04-11,206.0,39.0,10.0,0.0,0.0
1949-04-12,239.0,33.0,0.0,0.0,0.0
1949-04-13,267.0,106.0,97.0,0.0,0.0
1949-04-14,256.0,117.0,51.0,0.0,0.0
1949-04-15,256.0,83.0,97.0,0.0,0.0
1949-04-16,128.0,-6.0,0.0,0.0,0.0
1949-04-17,111.0,-50.0,0.0,0.0,0.0
1949-04-18,150.0,28.0,99.0,0.0,0.0
1949-04-19,139.0,28.0,0.0,0.0,0.0
1949-04-20,189.0,-44.0,0.0,0.0,0.0
1949-04-21,239.0,6.0,0.0,0.0,0.0
1949-04-22,233.0,56.0,175.0,0.0,0.0
1949-04-23,211.0,28.0,20.0,0.0,0.0
1949-04-24,211.0,28.0,8.0,0.0,0.0
1949-04-25,222.0,33.0,0.0,0.0,0.0
1949-04-26,278.0,39.0,0.0,0.0,0.0
1949-04-27,278.0,144.0,71.0,0.0,0.0
1949-04-28,211.0,17.0,0.0,0.0,0.0
1949-04-29,267.0,0.0,0.0,0.0,0.0
1949-04-30,261.0,39.0,0.0,0.0,0.0
1949-05-01,300.0,100.0,28.0,0.0,0.0
1949-05-02,300.0,178.0,0.0,0.0,0.0
1949-05-03,294.0,67.0,0.0,0.0,0.0
1949-05-04,328.0,67.0,0.0,0.0,0.0
1949-05-05,339.0,83.0,0.0,0.0,0.0
1949-05-06,333.0,94.0,0.0,0.0,0.0
1949-05-07,333.0,111.0,5.0,0.0,0.0
1949-05-08,300.0,83.0,0.0,0.0,0.0
1949-05-09,306.0,111.0,20.0,0.0,0.0
1949-05-10,211.0,150.0,56.0,0.0,0.0
1949-05-11,228.0,61.0,0.0,0.0,0.0
1949-05-12,239.0,28.0,0.0,0.0,0.0
1949-05-13,267.0,33.0,0.0,0.0,0.0
1949-05-14,272.0,56.0,0.0,0.0,0.0
1949-05-15,278.0,100.0,64.0,0.0,0.0
1949-05-16,300.0,78.0,5.0,0.0,0.0
1949-05-17,306.0,94.0,0.0,0.0,0.0
1949-05-18,306.0,111.0,0.0,0.0,0.0
1949-05-19,311.0,117.0,18.0,0.0,0.0
1949-05-20,300.0,94.0,23.0,0.0,0.0
1949-05-21,311.0,117.0,0.0,0.0,0.0
1949-05-22,306.0,117.0,394.0,0.0,0.0
1949-05-23,300.0,128.0,99.0,0.0,0.0
1949-05-24,256.0,106.0,64.0,0.0,0.0
1949-05-25,183.0,67.0,102.0,0.0,0.0
1949-05-26,189.0,61.0,104.0,0.0,0.0
1949-05-27,178.0,0.0,0.0,0.0,0.0
1949-05-28,206.0,67.0,10.0,0.0,0.0
1949-05-29,256.0,67.0,0.0,0.0,0.0
1949-05-30,256.0,22.0,0.0,0.0,0.0
1949-05-31,278.0,50.0,0.0,0.0,0.0
1949-06-01,,72.0,0.0,0.0,0.0
1949-06-02,,72.0,0.0,0.0,0.0
1949-06-03,,78.0,0.0,0.0,0.0
1949-06-04,,67.0,0.0,0.0,0.0
1949-06-05,,89.0,0.0,0.0,0.0
1949-06-06,,94.0,0.0,0.0,0.0
1949-06-07,,94.0,0.0,0.0,0.0
1949-06-08,,33.0,0.0,0.0,0.0
1949-06-09,,56.0,0.0,0.0,0.0
1949-06-10,,122.0,0.0,0.0,0.0
1949-06-11,,139.0,0.0,0.0,0.0
1949-06-12,,167.0,0.0,0.0,0.0
1949-06-13,,150.0,0.0,0.0,0.0
1949-06-14,,167.0,185.0,0.0,0.0
1949-06-15,,161.0,0.0,0.0,0.0
1949-06-16,,167.0,0.0,0.0,0.0
1949-06-17,,183.0,69.0,0.0,0.0
1949-06-18,,178.0,0.0,0.0,0.0
1949-06-19,,183.0,0.0,0.0,0.0
1949-06-20,,172.0,119.0,0.0,0.0
1949-06-21,,167.0,10.0,0.0,0.0
1949-06-22,,189.0,0.0,0.0,0.0
1949-06-23,,100.0,0.0,0.0,0.0
1949-06-24,,133.0,0.0,0.0,0.0
1949-06-25,,206.0,5.0,0.0,0.0
1949-06-26,,217.0,109.0,0.0,0.0
1949-06-27,,189.0,137.0,0.0,0.0
1949-06-28,,206.0,23.0,0.0,0.0
1949-06-29,,189.0,124.0,0.0,0.0
1949-06-30,,183.0,102.0,0.0,0.0
1949-07-01,317.0,183.0,0.0,0.0,0.0
1949-07-02,328.0,139.0,0.0,0.0,0.0
1949-07-03,339.0,100.0,0.0,0.0,0.0
1949-07-04,350.0,167.0,0.0,0.0,0.0
1949-07-05,361.0,178.0,0.0,0.0,0.0
1949-07-06,361.0,167.0,0.0,0.0,0.0
1949-07-07,322.0,189.0,94.0,0.0,0.0
1949-07-08,333.0,206.0,23.0,0.0,0.0
1949-07-09,328.0,178.0,0.0,0.0,0.0
1949-07-10,317.0,200.0,203.0,0.0,0.0
1949-07-11,311.0,139.0,0.0,0.0,0.0
1949-07-12,311.0,206.0,81.0,0.0,0.0
1949-07-13,278.0,206.0,264.0,0.0,0.0
1949-07-14,283.0,183.0,5.0,0.0,0.0
1949-07-15,333.0,189.0,0.0,0.0,0.0
1949-07-16,328.0,167.0,0.0,0.0,0.0
1949-07-17,283.0,194.0,86.0,0.0,0.0
1949-07-18,278.0,194.0,74.0,0.0,0.0
1949-07-19,322.0,167.0,0.0,0.0,0.0
1949-07-20,322.0,161.0,0.0,0.0,0.0
1949-07-21,322.0,206.0,117.0,0.0,0.0
1949-07-22,317.0,206.0,3.0,0.0,0.0
1949-07-23,322.0,194.0,152.0,0.0,0.0
1949-07-24,339.0,206.0,0.0,0.0,0.0
1949-07-25,333.0,200.0,0.0,0.0,0.0
1949-07-26,339.0,194.0,18.0,0.0,0.0
1949-07-27,344.0,200.0,0.0,0.0,0.0
1949-07-28,344.0,189.0,0.0,0.0,0.0
1949-07-29,361.0,189.0,0.0,0.0,0.0
1949-07-30,344.0,189.0,74.0,0.0,0.0
1949-07-31,261.0,172.0,41.0,0.0,0.0
1949-08-01,294.0,122.0,0.0,0.0,0.0
1949-08-02,322.0,144.0,0.0,0.0,0.0
1949-08-03,311.0,189.0,33.0,0.0,0.0
1949-08-04,322.0,200.0,56.0,0.0,0.0
1949-08-05,306.0,172.0,244.0,0.0,0.0
1949-08-06,306.0,161.0,0.0,0.0,0.0
1949-08-07,317.0,144.0,0.0,0.0,0.0
1949-08-08,328.0,144.0,0.0,0.0,0.0
1949-08-09,339.0,172.0,0.0,0.0,0.0
1949-08-10,350.0,178.0,0.0,0.0,0.0
1949-08-11,344.0,178.0,0.0,0.0,0.0
1949-08-12,350.0,189.0,0.0,0.0,0.0
1949-08-13,317.0,200.0,30.0,0.0,0.0
1949-08-14,350.0,211.0,0.0,0.0,0.0
1949-08-15,328.0,172.0,648.0,0.0,0.0
1949-08-16,272.0,183.0,25.0,0.0,0.0
1949-08-17,256.0,156.0,23.0,0.0,0.0
1949-08-18,278.0,172.0,58.0,0.0,0.0
1949-08-19,267.0,144.0,0.0,0.0,0.0
1949-08-20,244.0,117.0,0.0,0.0,0.0
1949-08-21,311.0,72.0,0.0,0.0,0.0
1949-08-22,278.0,111.0,0.0,0.0,0.0
1949-08-23,272.0,161.0,13.0,0.0,0.0
1949-08-24,300.0,156.0,0.0,0.0,0.0
1949-08-25,328.0,144.0,0.0,0.0,0.0
1949-08-26,333.0,144.0,0.0,0.0,0.0
1949-08-27,367.0,144.0,0.0,0.0,0.0
1949-08-28,328.0,111.0,23.0,0.0,0.0
1949-08-29,278.0,144.0,183.0,0.0,0.0
1949-08-30,289.0,139.0,0.0,0.0,0.0
1949-08-31,283.0,117.0,0.0,0.0,0.0
1949-09-01,283.0,144.0,41.0,0.0,0.0
1949-09-02,283.0,50.0,0.0,0.0,0.0
1949-09-03,300.0,83.0,0.0,0.0,0.0
1949-09-04,300.0,117.0,3.0,0.0,0.0
1949-09-05,311.0,139.0,0.0,0.0,0.0
1949-09-06,272.0,178.0,99.0,0.0,0.0
1949-09-07,261.0,89.0,0.0,0.0,0.0
1949-09-08,261.0,122.0,23.0,0.0,0.0
1949-09-09,217.0,39.0,0.0,0.0,0.0
1949-09-10,239.0,28.0,0.0,0.0,0.0
1949-09-11,278.0,33.0,0.0,0.0,0.0
1949-09-12,294.0,44.0,0.0,0.0,0.0
1949-09-13,267.0,106.0,0.0,0.0,0.0
1949-09-14,267.0,156.0,13.0,0.0,0.0
1949-09-15,250.0,106.0,0.0,0.0,0.0
1949-09-16,211.0,122.0,28.0,0.0,0.0
1949-09-17,294.0,128.0,0.0,0.0,0.0
1949-09-18,311.0,139.0,71.0,0.0,0.0
1949-09-19,267.0,178.0,254.0,0.0,0.0
1949-09-20,261.0,56.0,0.0,0.0,0.0
1949-09-21,256.0,39.0,0.0,0.0,0.0
1949-09-22,256.0,78.0,13.0,0.0,0.0
1949-09-23,167.0,72.0,0.0,0.0,0.0
1949-09-24,178.0,6.0,0.0,0.0,0.0
1949-09-25,217.0,0.0,0.0,0.0,0.0
1949-09-26,244.0,11.0,0.0,0.0,0.0
1949-09-27,239.0,61.0,10.0,0.0,0.0
1949-09-28,211.0,122.0,132.0,0.0,0.0
1949-09-29,172.0,72.0,119.0,0.0,0.0
1949-09-30,172.0,33.0,10.0,0.0,0.0
1949-10-01,256.0,0.0,0.0,0.0,0.0
1949-10-02,272.0,17.0,0.0,0.0,0.0
1949-10-03,267.0,33.0,0.0,0.0,0.0
1949-10-04,267.0,122.0,0.0,0.0,0.0
1949-10-05,222.0,150.0,10.0,0.0,0.0
1949-10-06,267.0,128.0,0.0,0.0,0.0
1949-10-07,289.0,167.0,0.0,0.0,0.0
1949-10-08,317.0,111.0,0.0,0.0,0.0
1949-10-09,306.0,111.0,0.0,0.0,0.0
1949-10-10,333.0,117.0,0.0,0.0,0.0
1949-10-11,311.0,111.0,0.0,0.0,0.0
1949-10-12,289.0,133.0,0.0,0.0,0.0
1949-10-13,244.0,106.0,71.0,0.0,0.0
1949-10-14,172.0,128.0,127.0,0.0,0.0
1949-10-15,189.0,144.0,147.0,0.0,0.0
1949-10-16,239.0,61.0,0.0,0.0,0.0
1949-10-17,228.0,106.0,18.0,0.0,0.0
1949-10-18,233.0,72.0,0.0,0.0,0.0
1949-10-19,222.0,11.0,0.0,0.0,0.0
1949-10-20,256.0,0.0,0.0,,0.0
1949-10-21,278.0,22.0,0.0,0.0,0.0
1949-10-22,267.0,117.0,13.0,0.0,0.0
1949-10-23,194.0,-11.0,0.0,0.0,0.0
1949-10-24,183.0,17.0,0.0,0.0,0.0
1949-10-25,156.0,56.0,38.0,0.0,0.0
1949-10-26,167.0,50.0,97.0,0.0,0.0
1949-10-27,189.0,-44.0,0.0,0.0,0.0
1949-10-28,200.0,0.0,66.0,0.0,0.0
1949-10-29,211.0,106.0,46.0,0.0,0.0
1949-10-30,200.0,78.0,8.0,0.0,0.0
1949-10-31,167.0,94.0,185.0,0.0,0.0
1949-11-01,111.0,6.0,0.0,0.0,0.0
1949-11-02,178.0,-22.0,0.0,0.0,0.0
1949-11-03,161.0,22.0,61.0,0.0,0.0
1949-11-04,67.0,11.0,33.0,0.0,0.0
1949-11-05,89.0,11.0,13.0,0.0,0.0
1949-11-06,100.0,-28.0,0.0,0.0,0.0
1949-11-07,167.0,-6.0,0.0,0.0,0.0
1949-11-08,200.0,-6.0,0.0,0.0,0.0
1949-11-09,217.0,-17.0,0.0,0.0,0.0
1949-11-10,222.0,-33.0,0.0,0.0,0.0
1949-11-11,222.0,11.0,0.0,0.0,0.0
1949-11-12,267.0,72.0,0.0,0.0,0.0
1949-11-13,239.0,61.0,76.0,0.0,0.0
1949-11-14,156.0,89.0,66.0,0.0,0.0
1949-11-15,128.0,-50.0,0.0,0.0,0.0
1949-11-16,100.0,-39.0,0.0,0.0,0.0
1949-11-17,83.0,-22.0,0.0,0.0,0.0
1949-11-18,44.0,-6.0,56.0,0.0,13.0
1949-11-19,89.0,-17.0,0.0,0.0,0.0
1949-11-20,144.0,78.0,0.0,0.0,0.0
1949-11-21,117.0,0.0,0.0,0.0,0.0
1949-11-22,17.0,-89.0,0.0,0.0,0.0
1949-11-23,122.0,-72.0,0.0,0.0,0.0
1949-11-24,128.0,-67.0,0.0,0.0,0.0
1949-11-25,122.0,-6.0,165.0,25.0,25.0
1949-11-26,17.0,-39.0,0.0,0.0,0.0
1949-11-27,83.0,-22.0,0.0,0.0,0.0
1949-11-28,139.0,-44.0,38.0,0.0,0.0
1949-11-29,156.0,78.0,518.0,0.0,0.0
1949-11-30,133.0,-22.0,0.0,0.0,0.0
1949-12-01,156.0,-56.0,0.0,0.0,0.0
1949-12-02,100.0,-22.0,23.0,0.0,0.0
1949-12-03,67.0,-100.0,0.0,0.0,0.0
1949-12-04,100.0,-89.0,15.0,0.0,0.0
1949-12-05,72.0,-39.0,0.0,0.0,0.0
1949-12-06,61.0,-117.0,0.0,0.0,0.0
1949-12-07,122.0,17.0,56.0,0.0,0.0
1949-12-08,100.0,-56.0,0.0,0.0,0.0
1949-12-09,17.0,-117.0,0.0,0.0,0.0
1949-12-10,56.0,-78.0,46.0,0.0,0.0
1949-12-11,156.0,44.0,117.0,0.0,0.0
1949-12-12,183.0,106.0,81.0,0.0,0.0
1949-12-13,172.0,11.0,272.0,0.0,0.0
1949-12-14,133.0,-50.0,0.0,0.0,0.0
1949-12-15,122.0,-100.0,0.0,0.0,0.0
1949-12-16,39.0,-144.0,0.0,0.0,0.0
1949-12-17,111.0,-133.0,0.0,0.0,0.0
1949-12-18,133.0,-6.0,114.0,0.0,0.0
1949-12-19,122.0,78.0,36.0,0.0,0.0
1949-12-20,194.0,-33.0,0.0,0.0,0.0
1949-12-21,217.0,17.0,0.0,0.0,0.0
1949-12-22,206.0,50.0,0.0,0.0,0.0
1949-12-23,167.0,-33.0,241.0,0.0,0.0
1949-12-24,39.0,-117.0,5.0,0.0,13.0
1949-12-25,133.0,-106.0,0.0,0.0,0.0
1949-12-26,144.0,-22.0,137.0,0.0,0.0
1949-12-27,172.0,78.0,102.0,0.0,0.0
1949-12-28,156.0,-56.0,0.0,0.0,0.0
1949-12-29,111.0,-67.0,0.0,0.0,0.0
1949-12-30,100.0,-78.0,0.0,0.0,0.0
1949-12-31,150.0,-78.0,0.0,0.0,0.0
1950-01-01,139.0,-22.0,0.0,0.0,0.0
1950-01-02,150.0,72.0,38.0,0.0,0.0
1950-01-03,167.0,100.0,229.0,0.0,0.0
1950-01-04,239.0,144.0,0.0,0.0,0.0
1950-01-05,228.0,61.0,109.0,0.0,0.0
1950-01-06,189.0,78.0,41.0,0.0,0.0
1950-01-07,156.0,-22.0,175.0,0.0,0.0
1950-01-08,56.0,-72.0,0.0,0.0,0.0
1950-01-09,150.0,-111.0,0.0,0.0,0.0
1950-01-10,172.0,106.0,99.0,0.0,0.0
1950-01-11,133.0,-44.0,36.0,0.0,0.0
1950-01-12,89.0,-44.0,30.0,0.0,0.0
1950-01-13,222.0,67.0,5.0,0.0,0.0
1950-01-14,217.0,67.0,64.0,0.0,0.0
1950-01-15,172.0,-56.0,13.0,0.0,0.0
1950-01-16,178.0,6.0,112.0,0.0,0.0
1950-01-17,106.0,-89.0,0.0,0.0,0.0
1950-01-18,122.0,56.0,36.0,0.0,0.0
1950-01-19,61.0,-44.0,0.0,0.0,0.0
1950-01-20,17.0,-122.0,0.0,0.0,0.0
1950-01-21,94.0,-67.0,0.0,0.0,0.0
1950-01-22,106.0,-6.0,3.0,0.0,0.0
1950-01-23,156.0,67.0,23.0,0.0,0.0
1950-01-24,233.0,89.0,25.0,0.0,0.0
1950-01-25,267.0,50.0,0.0,0.0,0.0
1950-01-26,256.0,94.0,0.0,0.0,0.0
1950-01-27,139.0,-11.0,196.0,0.0,0.0
1950-01-28,144.0,-89.0,0.0,0.0,0.0
1950-01-29,183.0,56.0,91.0,0.0,0.0
1950-01-30,161.0,6.0,231.0,0.0,0.0
1950-01-31,128.0,0.0,330.0,0.0,0.0
1950-02-01,61.0,17.0,234.0,0.0,0.0
1950-02-02,111.0,50.0,127.0,0.0,0.0
1950-02-03,78.0,-67.0,0.0,0.0,0.0
1950-02-04,78.0,-94.0,0.0,0.0,0.0
1950-02-05,94.0,-94.0,0.0,0.0,0.0
1950-02-06,106.0,-28.0,53.0,0.0,0.0
1950-02-07,100.0,28.0,18.0,0.0,0.0
1950-02-08,139.0,-67.0,0.0,0.0,0.0
1950-02-09,144.0,50.0,254.0,0.0,0.0
1950-02-10,78.0,17.0,13.0,0.0,0.0
1950-02-11,117.0,11.0,0.0,0.0,0.0
1950-02-12,122.0,-33.0,0.0,0.0,0.0
1950-02-13,194.0,44.0,0.0,0.0,0.0
1950-02-14,222.0,133.0,8.0,0.0,0.0
1950-02-15,211.0,17.0,33.0,0.0,0.0
1950-02-16,44.0,-17.0,5.0,0.0,13.0
1950-02-17,22.0,-44.0,20.0,25.0,25.0
1950-02-18,111.0,-67.0,0.0,0.0,0.0
1950-02-19,106.0,-33.0,18.0,0.0,
1950-02-20,11.0,-100.0,0.0,0.0,0.0
1950-02-21,139.0,-111.0,0.0,0.0,0.0
1950-02-22,144.0,50.0,41.0,0.0,0.0
1950-02-23,133.0,-50.0,58.0,0.0,13.0
1950-02-24,50.0,-44.0,0.0,0.0,0.0
1950-02-25,33.0,-67.0,18.0,51.0,51.0
1950-02-26,-50.0,-117.0,64.0,51.0,51.0
1950-02-27,6.0,-89.0,0.0,0.0,0.0
1950-02-28,128.0,-106.0,0.0,0.0,0.0
1950-03-01,111.0,-6.0,30.0,0.0,0.0
1950-03-02,39.0,-122.0,20.0,51.0,51.0
1950-03-03,0.0,-211.0,0.0,0.0,0.0
1950-03-04,117.0,-144.0,0.0,0.0,0.0
1950-03-05,144.0,-72.0,0.0,0.0,0.0
1950-03-06,150.0,-39.0,0.0,0.0,0.0
1950-03-07,144.0,-22.0,0.0,0.0,0.0
1950-03-08,122.0,-11.0,86.0,0.0,0.0
1950-03-09,33.0,-94.0,18.0,25.0,25.0
1950-03-10,61.0,-128.0,0.0,0.0,0.0
1950-03-11,67.0,-50.0,99.0,0.0,0.0
1950-03-12,133.0,56.0,152.0,0.0,0.0
1950-03-13,139.0,0.0,142.0,0.0,0.0
1950-03-14,33.0,-67.0,0.0,0.0,0.0
1950-03-15,128.0,-72.0,0.0,0.0,0.0
1950-03-16,111.0,-17.0,71.0,51.0,51.0
1950-03-17,78.0,-44.0,33.0,0.0,0.0
1950-03-18,106.0,-22.0,36.0,0.0,13.0
1950-03-19,83.0,-94.0,0.0,0.0,0.0
1950-03-20,167.0,-44.0,64.0,0.0,0.0
1950-03-21,106.0,11.0,147.0,0.0,0.0
1950-03-22,156.0,-17.0,69.0,0.0,0.0
1950-03-23,78.0,0.0,145.0,0.0,0.0
1950-03-24,189.0,11.0,10.0,0.0,0.0
1950-03-25,178.0,39.0,0.0,0.0,0.0
1950-03-26,244.0,-39.0,0.0,0.0,0.0
1950-03-27,306.0,89.0,0.0,0.0,0.0
1950-03-28,289.0,94.0,114.0,0.0,0.0
1950-03-29,194.0,6.0,0.0,0.0,0.0
1950-03-30,67.0,-56.0,0.0,0.0,0.0
1950-03-31,111.0,-89.0,0.0,0.0,0.0
1950-04-01,117.0,-22.0,13.0,0.0,0.0
1950-04-02,161.0,-22.0,107.0,0.0,0.0
1950-04-03,217.0,100.0,15.0,0.0,0.0
1950-04-04,278.0,111.0,0.0,0.0,0.0
1950-04-05,256.0,33.0,168.0,0.0,0.0
1950-04-06,83.0,-22.0,0.0,0.0,0.0
1950-04-07,117.0,-100.0,0.0,0.0,0.0
1950-04-08,128.0,-33.0,0.0,0.0,0.0
1950-04-09,133.0,-39.0,0.0,0.0,0.0
1950-04-10,256.0,33.0,20.0,0.0,0.0
1950-04-11,250.0,78.0,0.0,0.0,0.0
1950-04-12,128.0,17.0,0.0,0.0,0.0
1950-04-13,106.0,-50.0,0.0,0.0,0.0
1950-04-14,11.0,-78.0,0.0,0.0,0.0
1950-04-15,78.0,-28.0,13.0,0.0,0.0
1950-04-16,183.0,-89.0,0.0,0.0,0.0
1950-04-17,222.0,-44.0,0.0,0.0,0.0
1950-04-18,217.0,44.0,0.0,0.0,0.0
1950-04-19,250.0,78.0,0.0,0.0,0.0
1950-04-20,183.0,33.0,104.0,0.0,0.0
1950-04-21,128.0,-6.0,117.0,0.0,0.0
1950-04-22,200.0,-17.0,0.0,0.0,0.0
1950-04-23,222.0,50.0,259.0,0.0,0.0
1950-04-24,256.0,111.0,36.0,0.0,0.0
1950-04-25,250.0,72.0,0.0,0.0,0.0
1950-04-26,206.0,78.0,30.0,0.0,0.0
1950-04-27,267.0,11.0,0.0,0.0,0.0
1950-04-28,239.0,28.0,0.0,0.0,0.0
1950-04-29,294.0,56.0,0.0,0.0,0.0
1950-04-30,289.0,111.0,13.0,0.0,0.0
1950-05-01,233.0,122.0,132.0,0.0,0.0
1950-05-02,189.0,111.0,0.0,0.0,0.0
1950-05-03,278.0,94.0,145.0,0.0,0.0
1950-05-04,317.0,94.0,0.0,0.0,0.0
1950-05-05,322.0,150.0,3.0,0.0,0.0
1950-05-06,300.0,150.0,0.0,0.0,0.0
1950-05-07,239.0,78.0,0.0,0.0,0.0
1950-05-08,244.0,0.0,0.0,0.0,0.0
1950-05-09,233.0,33.0,46.0,0.0,0.0
1950-05-10,250.0,161.0,18.0,0.0,0.0
1950-05-11,228.0,94.0,0.0,0.0,0.0
1950-05-12,200.0,100.0,56.0,0.0,0.0
1950-05-13,267.0,72.0,3.0,0.0,0.0
1950-05-14,244.0,50.0,0.0,0.0,0.0
1950-05-15,244.0,128.0,279.0,0.0,0.0
1950-05-16,261.0,78.0,0.0,0.0,0.0
1950-05-17,278.0,72.0,23.0,0.0,0.0
1950-05-18,211.0,100.0,0.0,0.0,0.0
1950-05-19,239.0,44.0,0.0,0.0,0.0
1950-05-20,244.0,44.0,0.0,0.0,0.0
1950-05-21,272.0,11.0,0.0,0.0,0.0
1950-05-22,283.0,56.0,81.0,0.0,0.0
1950-05-23,261.0,111.0,168.0,0.0,0.0
1950-05-24,289.0,89.0,0.0,0.0,0.0
1950-05-25,278.0,122.0,56.0,0.0,0.0
1950-05-26,272.0,128.0,28.0,0.0,0.0
1950-05-27,278.0,111.0,10.0,0.0,0.0
1950-05-28,278.0,117.0,97.0,0.0,0.0
1950-05-29,250.0,139.0,8.0,0.0,0.0
1950-05-30,294.0,106.0,0.0,0.0,0.0
1950-05-31,289.0,128.0,0.0,0.0,0.0
1950-06-01,,122.0,46.0,0.0,0.0
1950-06-02,,67.0,0.0,0.0,0.0
1950-06-03,,161.0,137.0,0.0,0.0
1950-06-04,,106.0,368.0,0.0,0.0
1950-06-05,,39.0,0.0,0.0,0.0
1950-06-06,,78.0,0.0,0.0,0.0
1950-06-07,,94.0,0.0,0.0,0.0
1950-06-08,,94.0,0.0,0.0,0.0
1950-06-09,,122.0,8.0,0.0,0.0
1950-06-10,,189.0,94.0,0.0,0.0
1950-06-11,,128.0,307.0,0.0,0.0
1950-06-12,,56.0,0.0,0.0,0.0
1950-06-13,,67.0,0.0,0.0,0.0
1950-06-14,,172.0,0.0,0.0,0.0
1950-06-15,,128.0,0.0,0.0,0.0
1950-06-16,,133.0,89.0,0.0,0.0
1950-06-17,,156.0,112.0,0.0,0.0
1950-06-18,,72.0,0.0,0.0,0.0
1950-06-19,,122.0,97.0,0.0,0.0
1950-06-20,,178.0,119.0,0.0,0.0
1950-06-21,,189.0,25.0,0.0,0.0
1950-06-22,,139.0,5.0,0.0,0.0
1950-06-23,,161.0,0.0,0.0,0.0
1950-06-24,,172.0,0.0,0.0,0.0
1950-06-25,,194.0,1024.0,0.0,0.0
1950-06-26,,178.0,0.0,0.0,0.0
1950-06-27,,150.0,8.0,0.0,0.0
1950-06-28,,83.0,0.0,0.0,0.0
1950-06-29,,128.0,0.0,0.0,0.0
1950-06-30,,94.0,0.0,0.0,0.0
1950-07-01,283.0,78.0,0.0,0.0,0.0
1950-07-02,311.0,100.0,0.0,0.0,0.0
1950-07-03,311.0,144.0,0.0,0.0,0.0
1950-07-04,311.0,156.0,99.0,0.0,0.0
1950-07-05,256.0,161.0,84.0,0.0,0.0
1950-07-06,261.0,178.0,0.0,0.0,0.0
1950-07-07,261.0,83.0,0.0,0.0,0.0
1950-07-08,300.0,94.0,0.0,0.0,0.0
1950-07-09,306.0,89.0,0.0,0.0,0.0
1950-07-10,300.0,106.0,0.0,0.0,0.0
1950-07-11,306.0,128.0,0.0,0.0,0.0
1950-07-12,311.0,128.0,30.0,0.0,0.0
1950-07-13,283.0,183.0,180.0,0.0,0.0
1950-07-14,261.0,150.0,188.0,0.0,0.0
1950-07-15,278.0,139.0,0.0,0.0,0.0
1950-07-16,289.0,178.0,30.0,0.0,0.0
1950-07-17,306.0,178.0,99.0,0.0,0.0
1950-07-18,311.0,189.0,5.0,0.0,0.0
1950-07-19,283.0,161.0,185.0,0.0,0.0
1950-07-20,294.0,172.0,292.0,0.0,0.0
1950-07-21,250.0,161.0,15.0,0.0,0.0
1950-07-22,289.0,128.0,0.0,0.0,0.0
1950-07-23,278.0,139.0,8.0,0.0,0.0
1950-07-24,278.0,172.0,122.0,0.0,0.0
1950-07-25,272.0,172.0,284.0,0.0,0.0
1950-07-26,267.0,133.0,99.0,0.0,0.0
1950-07-27,272.0,133.0,0.0,0.0,0.0
1950-07-28,289.0,122.0,0.0,0.0,0.0
1950-07-29,333.0,139.0,0.0,0.0,0.0
1950-07-30,322.0,144.0,0.0,0.0,0.0
1950-07-31,322.0,156.0,0.0,0.0,0.0
1950-08-01,311.0,200.0,104.0,0.0,0.0
1950-08-02,311.0,194.0,206.0,0.0,0.0
1950-08-03,289.0,139.0,0.0,0.0,0.0
1950-08-04,239.0,100.0,0.0,0.0,0.0
1950-08-05,239.0,133.0,0.0,0.0,0.0
1950-08-06,261.0,106.0,0.0,0.0,0.0
1950-08-07,278.0,106.0,0.0,0.0,0.0
1950-08-08,306.0,100.0,0.0,0.0,0.0
1950-08-09,306.0,122.0,0.0,0.0,0.0
1950-08-10,289.0,167.0,99.0,0.0,0.0
1950-08-11,278.0,144.0,10.0,0.0,0.0
1950-08-12,267.0,139.0,3.0,0.0,0.0
1950-08-13,267.0,89.0,0.0,0.0,0.0
1950-08-14,294.0,67.0,0.0,0.0,0.0
1950-08-15,306.0,128.0,86.0,0.0,0.0
1950-08-16,294.0,156.0,0.0,0.0,0.0
1950-08-17,333.0,156.0,0.0,0.0,0.0
1950-08-18,333.0,167.0,5.0,0.0,0.0
1950-08-19,294.0,189.0,117.0,0.0,0.0
1950-08-20,261.0,167.0,0.0,0.0,0.0
1950-08-21,256.0,78.0,0.0,0.0,0.0
1950-08-22,267.0,111.0,0.0,0.0,0.0
1950-08-23,294.0,83.0,0.0,0.0,0.0
1950-08-24,322.0,139.0,0.0,0.0,0.0
1950-08-25,322.0,133.0,0.0,0.0,0.0
1950-08-26,328.0,144.0,0.0,0.0,0.0
1950-08-27,333.0,139.0,0.0,0.0,0.0
1950-08-28,322.0,167.0,244.0,0.0,0.0
1950-08-29,294.0,172.0,41.0,0.0,0.0
1950-08-30,300.0,189.0,0.0,0.0,0.0
1950-08-31,317.0,167.0,119.0,0.0,0.0
1950-09-01,306.0,194.0,94.0,0.0,0.0
1950-09-02,283.0,200.0,231.0,0.0,0.0
1950-09-03,278.0,189.0,61.0,0.0,0.0
1950-09-04,250.0,178.0,0.0,0.0,0.0
1950-09-05,239.0,61.0,0.0,0.0,0.0
1950-09-06,256.0,39.0,0.0,0.0,0.0
1950-09-07,250.0,61.0,0.0,0.0,0.0
1950-09-08,267.0,111.0,0.0,0.0,0.0
1950-09-09,289.0,106.0,13.0,0.0,0.0
1950-09-10,333.0,150.0,97.0,0.0,0.0
1950-09-11,311.0,144.0,0.0,0.0,0.0
1950-09-12,294.0,150.0,13.0,0.0,0.0
1950-09-13,250.0,167.0,48.0,0.0,0.0
1950-09-14,244.0,139.0,0.0,0.0,0.0
1950-09-15,217.0,117.0,0.0,0.0,0.0
1950-09-16,239.0,78.0,0.0,0.0,0.0
1950-09-17,250.0,72.0,0.0,0.0,0.0
1950-09-18,278.0,56.0,0.0,0.0,0.0
1950-09-19,272.0,106.0,10.0,0.0,0.0
1950-09-20,244.0,172.0,30.0,0.0,0.0
1950-09-21,239.0,156.0,79.0,0.0,0.0
1950-09-22,228.0,156.0,229.0,0.0,0.0
1950-09-23,233.0,139.0,0.0,0.0,0.0
1950-09-24,211.0,0.0,0.0,0.0,0.0
1950-09-25,167.0,11.0,0.0,0.0,0.0
1950-09-26,244.0,-6.0,0.0,0.0,0.0
1950-09-27,239.0,33.0,0.0,0.0,0.0
1950-09-28,261.0,67.0,0.0,0.0,0.0
1950-09-29,306.0,67.0,0.0,0.0,0.0
1950-09-30,294.0,83.0,0.0,0.0,0.0
1950-10-01,267.0,94.0,0.0,0.0,0.0
1950-10-02,267.0,94.0,0.0,0.0,0.0
1950-10-03,250.0,83.0,0.0,0.0,0.0
1950-10-04,239.0,89.0,36.0,0.0,0.0
1950-10-05,189.0,11.0,0.0,0.0,0.0
1950-10-06,244.0,0.0,0.0,0.0,0.0
1950-10-07,261.0,28.0,0.0,0.0,0.0
1950-10-08,256.0,67.0,0.0,0.0,0.0
1950-10-09,239.0,100.0,104.0,0.0,0.0
1950-10-10,144.0,78.0,150.0,0.0,0.0
1950-10-11,200.0,78.0,10.0,0.0,0.0
1950-10-12,178.0,78.0,140.0,0.0,0.0
1950-10-13,161.0,56.0,0.0,0.0,0.0
1950-10-14,239.0,6.0,0.0,0.0,0.0
1950-10-15,294.0,61.0,0.0,0.0,0.0
1950-10-16,261.0,6.0,0.0,0.0,0.0
1950-10-17,272.0,11.0,0.0,0.0,0.0
1950-10-18,267.0,22.0,0.0,0.0,0.0
1950-10-19,261.0,33.0,0.0,0.0,0.0
1950-10-20,244.0,67.0,0.0,0.0,0.0
1950-10-21,311.0,22.0,0.0,0.0,0.0
1950-10-22,278.0,67.0,0.0,0.0,0.0
1950-10-23,250.0,133.0,97.0,0.0,0.0
1950-10-24,211.0,78.0,0.0,0.0,0.0
1950-10-25,183.0,83.0,0.0,0.0,0.0
1950-10-26,189.0,-22.0,0.0,0.0,0.0
1950-10-27,200.0,-22.0,3.0,0.0,0.0
1950-10-28,250.0,78.0,135.0,0.0,0.0
1950-10-29,261.0,111.0,0.0,0.0,0.0
1950-10-30,283.0,83.0,0.0,0.0,0.0
1950-10-31,267.0,61.0,0.0,0.0,0.0
1950-11-01,283.0,78.0,0.0,0.0,0.0
1950-11-02,261.0,72.0,0.0,0.0,0.0
1950-11-03,172.0,72.0,218.0,0.0,0.0
1950-11-04,178.0,67.0,358.0,0.0,0.0
1950-11-05,83.0,0.0,20.0,0.0,0.0
1950-11-06,183.0,-39.0,0.0,0.0,0.0
1950-11-07,217.0,0.0,0.0,0.0,0.0
1950-11-08,200.0,50.0,25.0,0.0,0.0
1950-11-09,211.0,67.0,15.0,0.0,0.0
1950-11-10,150.0,0.0,38.0,0.0,0.0
1950-11-11,33.0,-17.0,0.0,0.0,0.0
1950-11-12,56.0,-106.0,0.0,0.0,0.0
1950-11-13,94.0,-94.0,0.0,0.0,0.0
1950-11-14,156.0,-94.0,0.0,0.0,0.0
1950-11-15,178.0,-56.0,0.0,0.0,0.0
1950-11-16,172.0,0.0,33.0,0.0,0.0
1950-11-17,144.0,11.0,20.0,0.0,0.0
1950-11-18,117.0,-44.0,0.0,0.0,0.0
1950-11-19,117.0,-33.0,18.0,0.0,0.0
1950-11-20,167.0,22.0,160.0,0.0,0.0
1950-11-21,33.0,-44.0,23.0,0.0,0.0
1950-11-22,78.0,-78.0,0.0,0.0,0.0
1950-11-23,106.0,-22.0,5.0,0.0,0.0
1950-11-24,89.0,-117.0,150.0,305.0,305.0
1950-11-25,-94.0,-150.0,356.0,787.0,478.0
1950-11-26,-39.0,-150.0,132.0,864.0,305.0
1950-11-27,6.0,-72.0,20.0,,76.0
1950-11-28,-6.0,-133.0,30.0,,51.0
1950-11-29,-17.0,-61.0,30.0,,76.0
1950-11-30,44.0,-44.0,13.0,,51.0
1950-12-01,67.0,-161.0,0.0,,0.0
1950-12-02,139.0,-11.0,5.0,,0.0
1950-12-03,211.0,-17.0,5.0,,0.0
1950-12-04,156.0,-22.0,145.0,76.0,
1950-12-05,33.0,-44.0,0.0,0.0,0.0
1950-12-06,150.0,-94.0,0.0,0.0,0.0
1950-12-07,156.0,0.0,79.0,0.0,
1950-12-08,44.0,-94.0,5.0,0.0,0.0
1950-12-09,78.0,-94.0,0.0,0.0,0.0
1950-12-10,106.0,-72.0,0.0,0.0,0.0
1950-12-11,33.0,-44.0,13.0,51.0,
1950-12-12,-11.0,-61.0,0.0,0.0,0.0
1950-12-13,-11.0,-128.0,0.0,0.0,0.0
1950-12-14,11.0,-39.0,10.0,0.0,0.0
1950-12-15,33.0,-17.0,165.0,0.0,0.0
1950-12-16,-17.0,-56.0,0.0,0.0,0.0
1950-12-17,-33.0,-83.0,0.0,0.0,0.0
1950-12-18,-22.0,-106.0,0.0,0.0,0.0
1950-12-19,-39.0,-106.0,0.0,0.0,0.0
1950-12-20,-6.0,-133.0,0.0,0.0,0.0
1950-12-21,-6.0,-106.0,0.0,0.0,0.0
1950-12-22,22.0,-94.0,18.0,0.0,
1950-12-23,61.0,-17.0,0.0,0.0,0.0
1950-12-24,83.0,11.0,0.0,0.0,0.0
1950-12-25,56.0,-72.0,0.0,0.0,0.0
1950-12-26,39.0,-67.0,8.0,25.0,
1950-12-27,-44.0,-178.0,0.0,0.0,0.0
1950-12-28,67.0,-167.0,0.0,0.0,0.0
1950-12-29,50.0,-17.0,51.0,0.0,
1950-12-30,61.0,-28.0,0.0,0.0,0.0
1950-12-31,78.0,-39.0,0.0,0.0,0.0
1951-01-01,83.0,-117.0,0.0,0.0,0.0
1951-01-02,111.0,-72.0,0.0,0.0,0.0
1951-01-03,133.0,22.0,117.0,0.0,0.0
1951-01-04,156.0,22.0,58.0,0.0,0.0
1951-01-05,111.0,-56.0,0.0,0.0,0.0
1951-01-06,156.0,-50.0,0.0,0.0,0.0
1951-01-07,133.0,-44.0,102.0,0.0,0.0
1951-01-08,-17.0,-100.0,8.0,25.0,25.0
1951-01-09,33.0,-161.0,0.0,0.0,0.0
1951-01-10,111.0,-128.0,0.0,0.0,0.0
1951-01-11,89.0,-17.0,94.0,0.0,0.0
1951-01-12,50.0,-78.0,0.0,0.0,0.0
1951-01-13,122.0,-100.0,0.0,0.0,0.0
1951-01-14,156.0,-6.0,188.0,0.0,0.0
1951-01-15,144.0,0.0,119.0,0.0,0.0
1951-01-16,17.0,-33.0,20.0,0.0,25.0
1951-01-17,156.0,-78.0,0.0,0.0,0.0
1951-01-18,172.0,72.0,0.0,0.0,0.0
1951-01-19,194.0,39.0,0.0,0.0,0.0
1951-01-20,250.0,-11.0,0.0,0.0,0.0
1951-01-21,217.0,-28.0,10.0,0.0,0.0
1951-01-22,22.0,-122.0,0.0,0.0,0.0
1951-01-23,106.0,-61.0,0.0,0.0,0.0
1951-01-24,83.0,17.0,97.0,0.0,0.0
1951-01-25,61.0,-67.0,0.0,0.0,0.0
1951-01-26,-28.0,-78.0,18.0,51.0,76.0
1951-01-27,106.0,-89.0,0.0,0.0,0.0
1951-01-28,100.0,-11.0,127.0,0.0,0.0
1951-01-29,128.0,-33.0,112.0,0.0,0.0
1951-01-30,-28.0,-100.0,18.0,0.0,51.0
1951-01-31,11.0,-89.0,173.0,25.0,25.0
1951-02-01,89.0,-39.0,381.0,0.0,0.0
1951-02-02,-22.0,-167.0,13.0,0.0,51.0
1951-02-03,-33.0,-222.0,0.0,0.0,0.0
1951-02-04,39.0,-128.0,0.0,0.0,0.0
1951-02-05,17.0,-33.0,8.0,0.0,13.0
1951-02-06,100.0,-100.0,0.0,0.0,0.0
1951-02-07,106.0,-111.0,226.0,25.0,25.0
1951-02-08,17.0,-167.0,0.0,0.0,0.0
1951-02-09,-28.0,-167.0,0.0,0.0,0.0
1951-02-10,50.0,-161.0,0.0,0.0,0.0
1951-02-11,144.0,-78.0,0.0,0.0,0.0
1951-02-12,178.0,-17.0,0.0,0.0,0.0
1951-02-13,167.0,-11.0,0.0,0.0,0.0
1951-02-14,139.0,-11.0,0.0,0.0,0.0
1951-02-15,28.0,-22.0,8.0,0.0,0.0
1951-02-16,139.0,-22.0,0.0,0.0,0.0
1951-02-17,89.0,50.0,58.0,0.0,0.0
1951-02-18,183.0,-50.0,0.0,0.0,0.0
1951-02-19,200.0,39.0,33.0,0.0,0.0
1951-02-20,194.0,39.0,0.0,0.0,0.0
1951-02-21,194.0,28.0,218.0,0.0,0.0
1951-02-22,72.0,6.0,28.0,0.0,0.0
1951-02-23,72.0,-67.0,0.0,0.0,0.0
1951-02-24,83.0,-89.0,0.0,0.0,0.0
1951-02-25,133.0,-83.0,0.0,0.0,0.0
1951-02-26,222.0,-28.0,0.0,0.0,0.0
1951-02-27,200.0,33.0,8.0,0.0,0.0
1951-02-28,156.0,-61.0,0.0,0.0,0.0
1951-03-01,194.0,50.0,0.0,0.0,0.0
1951-03-02,183.0,-61.0,0.0,0.0,0.0
1951-03-03,228.0,-17.0,0.0,0.0,0.0
1951-03-04,183.0,0.0,173.0,0.0,0.0
1951-03-05,172.0,-33.0,0.0,0.0,0.0
1951-03-06,233.0,-17.0,0.0,0.0,0.0
1951-03-07,222.0,89.0,279.0,0.0,0.0
1951-03-08,144.0,-6.0,0.0,0.0,0.0
1951-03-09,133.0,-28.0,0.0,0.0,0.0
1951-03-10,56.0,-106.0,0.0,0.0,0.0
1951-03-11,72.0,-56.0,0.0,0.0,0.0
1951-03-12,189.0,-61.0,0.0,0.0,0.0
1951-03-13,178.0,22.0,36.0,0.0,0.0
1951-03-14,83.0,-28.0,213.0,25.0,51.0
1951-03-15,17.0,-56.0,64.0,25.0,13.0
1951-03-16,28.0,-11.0,41.0,0.0,0.0
1951-03-17,72.0,-78.0,0.0,0.0,0.0
1951-03-18,111.0,6.0,25.0,0.0,0.0
1951-03-19,111.0,44.0,71.0,0.0,0.0
1951-03-20,78.0,-78.0,41.0,0.0,0.0
1951-03-21,117.0,-50.0,0.0,0.0,0.0
1951-03-22,67.0,-61.0,5.0,0.0,0.0
1951-03-23,239.0,-50.0,0.0,0.0,0.0
1951-03-24,222.0,-11.0,64.0,0.0,0.0
1951-03-25,83.0,-33.0,0.0,0.0,0.0
1951-03-26,83.0,-72.0,0.0,0.0,0.0
1951-03-27,189.0,-89.0,0.0,0.0,0.0
1951-03-28,183.0,72.0,10.0,0.0,0.0
1951-03-29,239.0,100.0,28.0,0.0,0.0
1951-03-30,222.0,67.0,234.0,0.0,0.0
1951-03-31,233.0,22.0,0.0,0.0,0.0
1951-04-01,161.0,50.0,51.0,0.0,0.0
1951-04-02,128.0,11.0,74.0,0.0,0.0
1951-04-03,72.0,6.0,5.0,0.0,0.0
1951-04-04,56.0,11.0,18.0,0.0,0.0
1951-04-05,156.0,-17.0,41.0,0.0,0.0
1951-04-06,200.0,-56.0,0.0,0.0,0.0
1951-04-07,294.0,28.0,0.0,0.0,0.0
1951-04-08,267.0,83.0,452.0,0.0,0.0
1951-04-09,189.0,44.0,25.0,0.0,0.0
1951-04-10,100.0,22.0,41.0,0.0,0.0
1951-04-11,178.0,-6.0,36.0,0.0,0.0
1951-04-12,156.0,33.0,127.0,0.0,0.0
1951-04-13,106.0,17.0,33.0,0.0,0.0
1951-04-14,172.0,33.0,81.0,0.0,0.0
1951-04-15,178.0,22.0,0.0,0.0,0.0
1951-04-16,178.0,22.0,0.0,0.0,0.0
1951-04-17,83.0,-11.0,0.0,0.0,0.0
1951-04-18,200.0,-78.0,0.0,0.0,0.0
1951-04-19,200.0,78.0,36.0,0.0,0.0
1951-04-20,167.0,-50.0,0.0,0.0,0.0
1951-04-21,256.0,-33.0,0.0,0.0,0.0
1951-04-22,261.0,106.0,86.0,0.0,0.0
1951-04-23,178.0,33.0,86.0,0.0,0.0
1951-04-24,267.0,-6.0,0.0,0.0,0.0
1951-04-25,283.0,94.0,0.0,0.0,0.0
1951-04-26,294.0,61.0,150.0,0.0,0.0
1951-04-27,267.0,89.0,0.0,0.0,0.0
1951-04-28,294.0,89.0,0.0,0.0,0.0
1951-04-29,300.0,139.0,0.0,0.0,0.0
1951-04-30,267.0,122.0,46.0,0.0,0.0
1951-05-01,294.0,100.0,20.0,0.0,0.0
1951-05-02,294.0,106.0,0.0,0.0,0.0
1951-05-03,289.0,156.0,48.0,0.0,0.0
1951-05-04,244.0,117.0,33.0,0.0,0.0
1951-05-05,172.0,78.0,38.0,0.0,0.0
1951-05-06,161.0,33.0,0.0,0.0,0.0
1951-05-07,189.0,22.0,0.0,0.0,0.0
1951-05-08,228.0,61.0,0.0,0.0,0.0
1951-05-09,244.0,44.0,0.0,0.0,0.0
1951-05-10,283.0,72.0,0.0,0.0,0.0
1951-05-11,267.0,133.0,284.0,0.0,0.0
1951-05-12,189.0,56.0,8.0,0.0,0.0
1951-05-13,233.0,11.0,0.0,0.0,0.0
1951-05-14,267.0,6.0,0.0,0.0,0.0
1951-05-15,300.0,33.0,0.0,0.0,0.0
1951-05-16,306.0,39.0,0.0,0.0,0.0
1951-05-17,317.0,72.0,0.0,0.0,0.0
1951-05-18,311.0,122.0,0.0,0.0,0.0
1951-05-19,311.0,83.0,0.0,0.0,0.0
1951-05-20,306.0,139.0,0.0,0.0,0.0
1951-05-21,306.0,111.0,0.0,0.0,0.0
1951-05-22,300.0,122.0,5.0,0.0,0.0
1951-05-23,283.0,106.0,282.0,0.0,0.0
1951-05-24,217.0,22.0,0.0,0.0,0.0
1951-05-25,272.0,94.0,0.0,0.0,0.0
1951-05-26,250.0,78.0,0.0,0.0,0.0
1951-05-27,244.0,89.0,64.0,0.0,0.0
1951-05-28,222.0,89.0,94.0,0.0,0.0
1951-05-29,183.0,111.0,0.0,0.0,0.0
1951-05-30,244.0,72.0,0.0,0.0,0.0
1951-05-31,311.0,72.0,0.0,0.0,0.0
1951-06-01,344.0,111.0,0.0,0.0,0.0
1951-06-02,344.0,128.0,0.0,0.0,0.0
1951-06-03,367.0,133.0,0.0,0.0,0.0
1951-06-04,356.0,150.0,13.0,0.0,0.0
1951-06-05,289.0,144.0,208.0,0.0,0.0
1951-06-06,256.0,106.0,0.0,0.0,0.0
1951-06-07,278.0,94.0,0.0,0.0,0.0
1951-06-08,272.0,156.0,28.0,0.0,0.0
1951-06-09,289.0,178.0,114.0,0.0,0.0
1951-06-10,278.0,167.0,269.0,0.0,0.0
1951-06-11,289.0,133.0,13.0,0.0,0.0
1951-06-12,300.0,94.0,66.0,0.0,0.0
1951-06-13,300.0,94.0,239.0,0.0,0.0
1951-06-14,289.0,94.0,109.0,0.0,0.0
1951-06-15,289.0,100.0,43.0,0.0,0.0
1951-06-16,300.0,89.0,0.0,0.0,0.0
1951-06-17,300.0,106.0,0.0,0.0,0.0
1951-06-18,311.0,122.0,196.0,0.0,0.0
1951-06-19,311.0,117.0,0.0,0.0,0.0
1951-06-20,317.0,139.0,0.0,0.0,0.0
1951-06-21,317.0,156.0,0.0,0.0,0.0
1951-06-22,,150.0,0.0,0.0,0.0
1951-06-23,,,257.0,0.0,0.0
1951-06-24,356.0,183.0,0.0,0.0,0.0
1951-06-25,333.0,200.0,10.0,0.0,0.0
1951-06-26,317.0,139.0,188.0,0.0,0.0
1951-06-27,289.0,183.0,20.0,0.0,0.0
1951-06-28,322.0,189.0,124.0,0.0,0.0
1951-06-29,322.0,183.0,109.0,0.0,0.0
1951-06-30,306.0,189.0,97.0,0.0,0.0
1951-07-01,300.0,172.0,28.0,0.0,0.0
1951-07-02,294.0,122.0,0.0,0.0,0.0
1951-07-03,322.0,128.0,0.0,0.0,0.0
1951-07-04,333.0,189.0,5.0,0.0,0.0
1951-07-05,289.0,150.0,5.0,0.0,0.0
1951-07-06,272.0,61.0,0.0,0.0,0.0
1951-07-07,311.0,106.0,0.0,0.0,0.0
1951-07-08,311.0,106.0,0.0,0.0,0.0
1951-07-09,344.0,133.0,0.0,0.0,0.0
1951-07-10,333.0,167.0,127.0,0.0,0.0
1951-07-11,361.0,167.0,0.0,0.0,0.0
1951-07-12,367.0,189.0,0.0,0.0,0.0
1951-07-13,344.0,189.0,0.0,0.0,0.0
1951-07-14,344.0,200.0,0.0,0.0,0.0
1951-07-15,328.0,183.0,0.0,0.0,0.0
1951-07-16,339.0,172.0,0.0,0.0,0.0
1951-07-17,333.0,161.0,0.0,0.0,0.0
1951-07-18,333.0,178.0,0.0,0.0,0.0
1951-07-19,333.0,172.0,0.0,0.0,0.0
1951-07-20,278.0,133.0,150.0,0.0,0.0
1951-07-21,311.0,94.0,0.0,0.0,0.0
1951-07-22,367.0,150.0,0.0,0.0,0.0
1951-07-23,356.0,206.0,267.0,0.0,0.0
1951-07-24,289.0,189.0,315.0,0.0,0.0
1951-07-25,317.0,150.0,0.0,0.0,0.0
1951-07-26,333.0,128.0,0.0,0.0,0.0
1951-07-27,344.0,150.0,0.0,0.0,0.0
1951-07-28,350.0,178.0,56.0,0.0,0.0
1951-07-29,350.0,172.0,18.0,0.0,0.0
1951-07-30,344.0,167.0,168.0,0.0,0.0
1951-07-31,339.0,156.0,0.0,0.0,0.0
1951-08-01,344.0,183.0,43.0,0.0,0.0
1951-08-02,322.0,122.0,0.0,0.0,0.0
1951-08-03,322.0,144.0,13.0,0.0,0.0
1951-08-04,283.0,122.0,0.0,0.0,0.0
1951-08-05,278.0,78.0,0.0,0.0,0.0
1951-08-06,278.0,78.0,15.0,0.0,0.0
1951-08-07,333.0,156.0,41.0,0.0,0.0
1951-08-08,328.0,172.0,0.0,0.0,0.0
1951-08-09,333.0,183.0,0.0,0.0,0.0
1951-08-10,333.0,189.0,0.0,0.0,0.0
1951-08-11,344.0,178.0,0.0,0.0,0.0
1951-08-12,256.0,200.0,229.0,0.0,0.0
1951-08-13,322.0,156.0,0.0,0.0,0.0
1951-08-14,350.0,150.0,0.0,0.0,0.0
1951-08-15,356.0,156.0,0.0,0.0,0.0
1951-08-16,344.0,161.0,0.0,0.0,0.0
1951-08-17,311.0,156.0,0.0,0.0,0.0
1951-08-18,300.0,133.0,0.0,0.0,0.0
1951-08-19,306.0,122.0,0.0,0.0,0.0
1951-08-20,333.0,106.0,0.0,0.0,0.0
1951-08-21,322.0,156.0,0.0,0.0,0.0
1951-08-22,306.0,122.0,0.0,0.0,0.0
1951-08-23,289.0,94.0,0.0,0.0,0.0
1951-08-24,256.0,50.0,0.0,0.0,0.0
1951-08-25,278.0,44.0,0.0,0.0,0.0
1951-08-26,278.0,61.0,0.0,0.0,0.0
1951-08-27,261.0,117.0,13.0,0.0,0.0
1951-08-28,283.0,194.0,267.0,0.0,0.0
1951-08-29,306.0,189.0,0.0,0.0,0.0
1951-08-30,356.0,167.0,0.0,0.0,0.0
1951-08-31,361.0,128.0,0.0,0.0,0.0
1951-09-01,328.0,189.0,51.0,0.0,0.0
1951-09-02,328.0,189.0,30.0,0.0,0.0
1951-09-03,261.0,167.0,0.0,0.0,0.0
1951-09-04,283.0,111.0,0.0,0.0,0.0
1951-09-05,311.0,122.0,0.0,0.0,0.0
1951-09-06,306.0,167.0,467.0,0.0,0.0
1951-09-07,283.0,128.0,0.0,0.0,0.0
1951-09-08,233.0,44.0,0.0,0.0,0.0
1951-09-09,322.0,61.0,0.0,0.0,0.0
1951-09-10,333.0,83.0,0.0,0.0,0.0
1951-09-11,322.0,183.0,0.0,0.0,0.0
1951-09-12,344.0,106.0,0.0,0.0,0.0
1951-09-13,356.0,139.0,0.0,0.0,0.0
1951-09-14,328.0,172.0,165.0,0.0,0.0
1951-09-15,283.0,139.0,0.0,0.0,0.0
1951-09-16,283.0,83.0,0.0,0.0,0.0
1951-09-17,256.0,100.0,0.0,0.0,0.0
1951-09-18,278.0,83.0,0.0,0.0,0.0
1951-09-19,294.0,56.0,0.0,0.0,0.0
1951-09-20,317.0,61.0,0.0,0.0,0.0
1951-09-21,317.0,78.0,0.0,0.0,0.0
1951-09-22,278.0,100.0,15.0,0.0,0.0
1951-09-23,239.0,139.0,53.0,0.0,0.0
1951-09-24,256.0,33.0,0.0,0.0,0.0
1951-09-25,250.0,133.0,0.0,0.0,0.0
1951-09-26,306.0,106.0,8.0,0.0,0.0
1951-09-27,289.0,150.0,0.0,0.0,0.0
1951-09-28,272.0,22.0,0.0,0.0,0.0
1951-09-29,200.0,-22.0,0.0,0.0,0.0
1951-09-30,267.0,-6.0,0.0,0.0,0.0
1951-10-01,294.0,111.0,5.0,0.0,0.0
1951-10-02,333.0,100.0,0.0,0.0,0.0
1951-10-03,344.0,78.0,0.0,0.0,0.0
1951-10-04,339.0,78.0,0.0,0.0,0.0
1951-10-05,333.0,94.0,0.0,0.0,0.0
1951-10-06,344.0,156.0,53.0,0.0,0.0
1951-10-07,294.0,,36.0,0.0,0.0
1951-10-08,239.0,67.0,0.0,0.0,0.0
1951-10-09,183.0,-11.0,0.0,0.0,0.0
1951-10-10,200.0,-22.0,0.0,0.0,0.0
1951-10-11,189.0,-11.0,0.0,0.0,0.0
1951-10-12,211.0,-22.0,0.0,0.0,0.0
1951-10-13,239.0,-11.0,0.0,0.0,0.0
1951-10-14,256.0,-22.0,0.0,0.0,0.0
1951-10-15,289.0,-22.0,0.0,0.0,0.0
1951-10-16,294.0,11.0,0.0,0.0,0.0
1951-10-17,294.0,33.0,0.0,0.0,0.0
1951-10-18,289.0,22.0,0.0,0.0,0.0
1951-10-19,267.0,22.0,0.0,0.0,0.0
1951-10-20,239.0,39.0,0.0,0.0,0.0
1951-10-21,294.0,39.0,0.0,0.0,0.0
1951-10-22,294.0,94.0,0.0,0.0,0.0
1951-10-23,306.0,72.0,0.0,0.0,0.0
1951-10-24,278.0,117.0,114.0,0.0,0.0
1951-10-25,211.0,61.0,0.0,0.0,0.0
1951-10-26,250.0,-28.0,0.0,0.0,0.0
1951-10-27,233.0,39.0,0.0,0.0,0.0
1951-10-28,128.0,39.0,107.0,0.0,0.0
1951-10-29,122.0,-33.0,0.0,0.0,0.0
1951-10-30,156.0,33.0,10.0,0.0,0.0
1951-10-31,178.0,78.0,0.0,0.0,0.0
1951-11-01,122.0,28.0,213.0,0.0,0.0
1951-11-02,44.0,11.0,18.0,0.0,0.0
1951-11-03,22.0,-50.0,,,
1951-11-04,6.0,-67.0,0.0,0.0,0.0
1951-11-05,33.0,-89.0,0.0,0.0,0.0
1951-11-06,144.0,-44.0,0.0,0.0,0.0
1951-11-07,128.0,17.0,168.0,0.0,0.0
1951-11-08,44.0,-11.0,0.0,0.0,0.0
1951-11-09,133.0,-94.0,0.0,0.0,0.0
1951-11-10,144.0,-39.0,0.0,0.0,0.0
1951-11-11,139.0,-39.0,0.0,0.0,0.0
1951-11-12,178.0,-61.0,0.0,0.0,0.0
1951-11-13,250.0,33.0,0.0,0.0,0.0
1951-11-14,222.0,94.0,142.0,0.0,0.0
1951-11-15,200.0,44.0,0.0,0.0,0.0
1951-11-16,172.0,33.0,102.0,0.0,0.0
1951-11-17,56.0,-17.0,0.0,0.0,0.0
1951-11-18,22.0,-50.0,51.0,0.0,
1951-11-19,-22.0,-72.0,0.0,0.0,0.0
1951-11-20,33.0,-111.0,0.0,0.0,0.0
1951-11-21,144.0,-128.0,0.0,0.0,0.0
1951-11-22,128.0,-78.0,43.0,0.0,0.0
1951-11-23,144.0,67.0,147.0,0.0,0.0
1951-11-24,111.0,28.0,216.0,0.0,0.0
1951-11-25,28.0,-56.0,0.0,0.0,0.0
1951-11-26,122.0,22.0,170.0,0.0,0.0
1951-11-27,28.0,-17.0,0.0,0.0,0.0
1951-11-28,94.0,-100.0,0.0,0.0,0.0
1951-11-29,122.0,-22.0,0.0,0.0,0.0
1951-11-30,161.0,-72.0,0.0,0.0,0.0
1951-12-01,161.0,-83.0,0.0,0.0,0.0
1951-12-02,194.0,-67.0,0.0,0.0,0.0
1951-12-03,222.0,-67.0,0.0,0.0,0.0
1951-12-04,178.0,56.0,127.0,0.0,0.0
1951-12-05,111.0,22.0,0.0,0.0,0.0
1951-12-06,239.0,11.0,25.0,0.0,0.0
1951-12-07,267.0,22.0,0.0,0.0,0.0
1951-12-08,178.0,106.0,284.0,0.0,0.0
1951-12-09,244.0,56.0,76.0,0.0,0.0
1951-12-10,61.0,0.0,0.0,0.0,0.0
1951-12-11,44.0,-6.0,0.0,0.0,0.0
1951-12-12,28.0,-33.0,28.0,25.0,13.0
1951-12-13,-6.0,-61.0,0.0,0.0,0.0
1951-12-14,6.0,-122.0,152.0,,25.0
1951-12-15,89.0,-67.0,145.0,,0.0
1951-12-16,-56.0,-189.0,0.0,0.0,0.0
1951-12-17,17.0,-189.0,0.0,0.0,0.0
1951-12-18,28.0,-78.0,132.0,51.0,
1951-12-19,0.0,-83.0,0.0,,0.0
1951-12-20,72.0,-106.0,76.0,0.0,0.0
1951-12-21,161.0,17.0,109.0,0.0,0.0
1951-12-22,61.0,-72.0,0.0,0.0,0.0
1951-12-23,133.0,-89.0,0.0,0.0,0.0
1951-12-24,139.0,-72.0,0.0,0.0,0.0
1951-12-25,122.0,-56.0,0.0,0.0,0.0
1951-12-26,83.0,-11.0,71.0,0.0,0.0
1951-12-27,6.0,-67.0,0.0,0.0,0.0
1951-12-28,50.0,-144.0,0.0,0.0,0.0
1951-12-29,122.0,0.0,0.0,0.0,0.0
1951-12-30,139.0,83.0,142.0,0.0,0.0
1951-12-31,244.0,56.0,25.0,0.0,0.0
1952-01-01,250.0,117.0,0.0,0.0,0.0
1952-01-02,228.0,44.0,170.0,0.0,0.0
1952-01-03,61.0,0.0,86.0,0.0,0.0
1952-01-04,44.0,-50.0,86.0,0.0,0.0
1952-01-05,94.0,6.0,84.0,0.0,0.0
1952-01-06,94.0,-17.0,0.0,0.0,0.0
1952-01-07,33.0,-28.0,0.0,0.0,0.0
1952-01-08,83.0,-83.0,0.0,0.0,0.0
1952-01-09,111.0,44.0,5.0,0.0,0.0
1952-01-10,111.0,-22.0,53.0,25.0,
1952-01-11,17.0,-106.0,0.0,0.0,0.0
1952-01-12,100.0,-39.0,0.0,0.0,0.0
1952-01-13,117.0,-39.0,0.0,0.0,0.0
1952-01-14,194.0,67.0,0.0,0.0,0.0
1952-01-15,217.0,128.0,30.0,0.0,0.0
1952-01-16,211.0,-44.0,0.0,0.0,0.0
1952-01-17,161.0,6.0,137.0,0.0,0.0
1952-01-18,144.0,11.0,119.0,0.0,0.0
1952-01-19,156.0,-67.0,0.0,0.0,0.0
1952-01-20,156.0,-67.0,79.0,0.0,0.0
1952-01-21,100.0,-78.0,0.0,0.0,0.0
1952-01-22,150.0,6.0,86.0,0.0,0.0
1952-01-23,133.0,-39.0,8.0,0.0,0.0
1952-01-24,-17.0,-72.0,0.0,0.0,0.0
1952-01-25,117.0,-94.0,0.0,0.0,0.0
1952-01-26,211.0,78.0,140.0,0.0,0.0
1952-01-27,183.0,72.0,264.0,0.0,0.0
1952-01-28,94.0,-6.0,160.0,0.0,0.0
1952-01-29,6.0,-100.0,5.0,25.0,
1952-01-30,-22.0,-183.0,0.0,,0.0
1952-01-31,89.0,-150.0,0.0,0.0,0.0
1952-02-01,178.0,-56.0,0.0,0.0,0.0
1952-02-02,161.0,17.0,28.0,0.0,0.0
1952-02-03,117.0,17.0,25.0,0.0,0.0
1952-02-04,167.0,56.0,71.0,0.0,0.0
1952-02-05,122.0,0.0,58.0,0.0,0.0
1952-02-06,78.0,-11.0,0.0,0.0,0.0
1952-02-07,33.0,-33.0,43.0,0.0,0.0
1952-02-08,172.0,-44.0,0.0,0.0,0.0
1952-02-09,167.0,-11.0,0.0,0.0,0.0
1952-02-10,128.0,-33.0,0.0,0.0,0.0
1952-02-11,144.0,-6.0,30.0,0.0,0.0
1952-02-12,106.0,-83.0,0.0,0.0,0.0
1952-02-13,83.0,-67.0,0.0,0.0,0.0
1952-02-14,67.0,-33.0,30.0,0.0,0.0
1952-02-15,122.0,-78.0,0.0,0.0,0.0
1952-02-16,67.0,-44.0,89.0,0.0,0.0
1952-02-17,67.0,0.0,81.0,0.0,0.0
1952-02-18,89.0,-89.0,23.0,0.0,0.0
1952-02-19,111.0,-78.0,0.0,0.0,0.0
1952-02-20,167.0,-22.0,0.0,0.0,0.0
1952-02-21,144.0,-33.0,13.0,0.0,0.0
1952-02-22,22.0,-28.0,0.0,0.0,0.0
1952-02-23,78.0,-83.0,0.0,0.0,0.0
1952-02-24,94.0,0.0,0.0,0.0,0.0
1952-02-25,94.0,-44.0,0.0,0.0,0.0
1952-02-26,117.0,-122.0,0.0,0.0,0.0
1952-02-27,122.0,-106.0,0.0,0.0,0.0
1952-02-28,178.0,-39.0,0.0,0.0,0.0
1952-02-29,172.0,11.0,0.0,0.0,0.0
1952-03-01,56.0,-11.0,81.0,0.0,0.0
1952-03-02,17.0,-89.0,0.0,0.0,0.0
1952-03-03,189.0,0.0,69.0,25.0,
1952-03-04,178.0,33.0,15.0,0.0,0.0
1952-03-05,111.0,-33.0,0.0,0.0,0.0
1952-03-06,17.0,-100.0,0.0,0.0,0.0
1952-03-07,11.0,-67.0,0.0,0.0,0.0
1952-03-08,94.0,-28.0,0.0,0.0,0.0
1952-03-09,94.0,-44.0,3.0,0.0,0.0
1952-03-10,172.0,-22.0,0.0,0.0,0.0
1952-03-11,167.0,44.0,279.0,0.0,0.0
1952-03-12,156.0,-56.0,0.0,0.0,0.0
1952-03-13,200.0,-22.0,0.0,0.0,0.0
1952-03-14,178.0,-6.0,5.0,0.0,0.0
1952-03-15,111.0,-61.0,0.0,0.0,0.0
1952-03-16,72.0,-44.0,3.0,0.0,0.0
1952-03-17,83.0,-22.0,0.0,0.0,0.0
1952-03-18,156.0,-56.0,0.0,0.0,0.0
1952-03-19,117.0,33.0,193.0,0.0,0.0
1952-03-20,267.0,-28.0,0.0,0.0,0.0
1952-03-21,300.0,56.0,0.0,0.0,0.0
1952-03-22,322.0,106.0,140.0,0.0,0.0
1952-03-23,250.0,100.0,81.0,0.0,0.0
1952-03-24,250.0,0.0,0.0,0.0,0.0
1952-03-25,172.0,-67.0,0.0,0.0,0.0
1952-03-26,183.0,-44.0,0.0,0.0,0.0
1952-03-27,178.0,-44.0,0.0,0.0,0.0
1952-03-28,106.0,11.0,5.0,0.0,0.0
1952-03-29,144.0,-50.0,0.0,0.0,0.0
1952-03-30,244.0,-50.0,0.0,0.0,0.0
1952-03-31,261.0,-11.0,0.0,0.0,0.0
1952-04-01,200.0,83.0,69.0,0.0,0.0
1952-04-02,167.0,22.0,20.0,0.0,0.0
1952-04-03,178.0,-6.0,0.0,0.0,0.0
1952-04-04,178.0,0.0,20.0,0.0,0.0
1952-04-05,178.0,44.0,56.0,0.0,0.0
1952-04-06,89.0,11.0,15.0,0.0,0.0
1952-04-07,94.0,0.0,13.0,0.0,0.0
1952-04-08,106.0,-44.0,0.0,0.0,0.0
1952-04-09,244.0,-67.0,0.0,0.0,0.0
1952-04-10,283.0,0.0,0.0,0.0,0.0
1952-04-11,256.0,22.0,5.0,0.0,0.0
1952-04-12,244.0,17.0,0.0,0.0,0.0
1952-04-13,239.0,72.0,0.0,0.0,0.0
1952-04-14,222.0,72.0,284.0,0.0,0.0
1952-04-15,78.0,28.0,69.0,0.0,0.0
1952-04-16,183.0,11.0,46.0,0.0,0.0
1952-04-17,228.0,-22.0,0.0,0.0,0.0
1952-04-18,250.0,0.0,0.0,0.0,0.0
1952-04-19,278.0,33.0,0.0,0.0,0.0
1952-04-20,289.0,33.0,0.0,0.0,0.0
1952-04-21,311.0,33.0,0.0,0.0,0.0
1952-04-22,322.0,72.0,0.0,0.0,0.0
1952-04-23,306.0,122.0,0.0,0.0,0.0
1952-04-24,156.0,100.0,254.0,0.0,0.0
1952-04-25,161.0,100.0,56.0,0.0,0.0
1952-04-26,128.0,89.0,71.0,0.0,0.0
1952-04-27,144.0,89.0,69.0,0.0,0.0
1952-04-28,244.0,78.0,20.0,0.0,0.0
1952-04-29,239.0,67.0,0.0,0.0,0.0
1952-04-30,283.0,33.0,0.0,0.0,0.0
1952-05-01,283.0,17.0,0.0,0.0,0.0
1952-05-02,283.0,78.0,0.0,0.0,0.0
1952-05-03,261.0,-11.0,0.0,0.0,0.0
1952-05-04,278.0,28.0,0.0,0.0,0.0
1952-05-05,328.0,72.0,0.0,0.0,0.0
1952-05-06,328.0,139.0,102.0,0.0,0.0
1952-05-07,289.0,56.0,0.0,0.0,0.0
1952-05-08,261.0,72.0,0.0,0.0,0.0
1952-05-09,278.0,67.0,0.0,0.0,0.0
1952-05-10,239.0,122.0,89.0,0.0,0.0
1952-05-11,194.0,111.0,79.0,0.0,0.0
1952-05-12,144.0,50.0,132.0,0.0,0.0
1952-05-13,144.0,67.0,61.0,0.0,0.0
1952-05-14,250.0,6.0,0.0,0.0,0.0
1952-05-15,278.0,111.0,15.0,0.0,0.0
1952-05-16,267.0,111.0,5.0,0.0,0.0
1952-05-17,289.0,67.0,0.0,0.0,0.0
1952-05-18,294.0,100.0,61.0,0.0,0.0
1952-05-19,211.0,122.0,132.0,0.0,0.0
1952-05-20,233.0,139.0,239.0,0.0,0.0
1952-05-21,217.0,128.0,5.0,0.0,0.0
1952-05-22,256.0,50.0,0.0,0.0,0.0
1952-05-23,328.0,100.0,0.0,0.0,0.0
1952-05-24,344.0,133.0,0.0,0.0,0.0
1952-05-25,344.0,178.0,157.0,0.0,0.0
1952-05-26,289.0,133.0,48.0,0.0,0.0
1952-05-27,278.0,83.0,0.0,0.0,0.0
1952-05-28,289.0,94.0,0.0,0.0,0.0
1952-05-29,289.0,133.0,175.0,0.0,0.0
1952-05-30,267.0,72.0,0.0,0.0,0.0
1952-05-31,317.0,94.0,0.0,0.0,0.0
1952-06-01,333.0,122.0,0.0,0.0,0.0
1952-06-02,278.0,61.0,0.0,0.0,0.0
1952-06-03,294.0,50.0,0.0,0.0,0.0
1952-06-04,294.0,122.0,0.0,0.0,0.0
1952-06-05,289.0,106.0,0.0,0.0,0.0
1952-06-06,339.0,106.0,0.0,0.0,0.0
1952-06-07,344.0,206.0,0.0,0.0,0.0
1952-06-08,356.0,94.0,0.0,0.0,0.0
1952-06-09,339.0,189.0,0.0,0.0,0.0
1952-06-10,333.0,167.0,20.0,0.0,0.0
1952-06-11,333.0,89.0,0.0,0.0,0.0
1952-06-12,294.0,72.0,0.0,0.0,0.0
1952-06-13,322.0,89.0,0.0,0.0,0.0
1952-06-14,350.0,128.0,132.0,0.0,0.0
1952-06-15,350.0,228.0,178.0,0.0,0.0
1952-06-16,367.0,172.0,0.0,0.0,0.0
1952-06-17,344.0,183.0,15.0,0.0,0.0
1952-06-18,322.0,172.0,71.0,0.0,0.0
1952-06-19,339.0,144.0,0.0,0.0,0.0
1952-06-20,,,0.0,0.0,0.0
1952-06-21,322.0,139.0,127.0,0.0,0.0
1952-06-22,339.0,183.0,0.0,0.0,0.0
1952-06-23,328.0,189.0,274.0,0.0,0.0
1952-06-24,344.0,178.0,0.0,0.0,0.0
1952-06-25,361.0,178.0,0.0,0.0,0.0
1952-06-26,361.0,200.0,0.0,0.0,0.0
1952-06-27,356.0,222.0,0.0,0.0,0.0
1952-06-28,356.0,178.0,0.0,0.0,0.0
1952-06-29,356.0,178.0,0.0,0.0,0.0
1952-06-30,367.0,194.0,259.0,0.0,0.0
1952-07-01,317.0,156.0,0.0,0.0,0.0
1952-07-02,294.0,111.0,0.0,0.0,0.0
1952-07-03,300.0,161.0,0.0,0.0,0.0
1952-07-04,294.0,183.0,137.0,0.0,0.0
1952-07-05,311.0,194.0,13.0,0.0,0.0
1952-07-06,339.0,161.0,0.0,0.0,0.0
1952-07-07,344.0,156.0,0.0,0.0,0.0
1952-07-08,333.0,156.0,0.0,0.0,0.0
1952-07-09,333.0,167.0,25.0,0.0,0.0
1952-07-10,261.0,128.0,0.0,0.0,0.0
1952-07-11,300.0,94.0,0.0,0.0,0.0
1952-07-12,333.0,111.0,0.0,0.0,0.0
1952-07-13,350.0,122.0,0.0,0.0,0.0
1952-07-14,367.0,133.0,0.0,0.0,0.0
1952-07-15,367.0,178.0,18.0,0.0,0.0
1952-07-16,350.0,200.0,0.0,0.0,0.0
1952-07-17,350.0,183.0,363.0,0.0,0.0
1952-07-18,350.0,194.0,0.0,0.0,0.0
1952-07-19,356.0,206.0,0.0,0.0,0.0
1952-07-20,333.0,211.0,46.0,0.0,0.0
1952-07-21,344.0,183.0,0.0,0.0,0.0
1952-07-22,372.0,211.0,0.0,0.0,0.0
1952-07-23,372.0,206.0,0.0,0.0,0.0
1952-07-24,350.0,156.0,0.0,0.0,0.0
1952-07-25,339.0,106.0,0.0,0.0,0.0
1952-07-26,378.0,150.0,0.0,0.0,0.0
1952-07-27,367.0,167.0,0.0,0.0,0.0
1952-07-28,378.0,172.0,0.0,0.0,0.0
1952-07-29,361.0,189.0,262.0,0.0,0.0
1952-07-30,322.0,172.0,0.0,0.0,0.0
1952-07-31,328.0,156.0,0.0,0.0,0.0
1952-08-01,333.0,122.0,0.0,0.0,0.0
1952-08-02,328.0,161.0,0.0,0.0,0.0
1952-08-03,361.0,128.0,0.0,0.0,0.0
1952-08-04,356.0,161.0,20.0,0.0,0.0
1952-08-05,317.0,200.0,239.0,0.0,0.0
1952-08-06,306.0,167.0,18.0,0.0,0.0
1952-08-07,306.0,178.0,0.0,0.0,0.0
1952-08-08,328.0,178.0,0.0,0.0,0.0
1952-08-09,317.0,161.0,33.0,0.0,0.0
1952-08-10,289.0,172.0,91.0,0.0,0.0
1952-08-11,328.0,144.0,3.0,0.0,0.0
1952-08-12,311.0,194.0,178.0,0.0,0.0
1952-08-13,300.0,211.0,0.0,0.0,0.0
1952-08-14,322.0,144.0,0.0,0.0,0.0
1952-08-15,339.0,156.0,,0.0,0.0
1952-08-16,311.0,161.0,,0.0,0.0
1952-08-17,306.0,172.0,,0.0,0.0
1952-08-18,311.0,144.0,0.0,0.0,0.0
1952-08-19,322.0,172.0,0.0,0.0,0.0
1952-08-20,333.0,128.0,0.0,0.0,0.0
1952-08-21,322.0,133.0,361.0,0.0,0.0
1952-08-22,289.0,200.0,145.0,0.0,0.0
1952-08-23,267.0,78.0,0.0,0.0,0.0
1952-08-24,294.0,50.0,0.0,0.0,0.0
1952-08-25,317.0,50.0,0.0,0.0,0.0
1952-08-26,333.0,83.0,0.0,0.0,0.0
1952-08-27,328.0,100.0,0.0,0.0,0.0
1952-08-28,322.0,144.0,0.0,0.0,0.0
1952-08-29,328.0,144.0,0.0,0.0,0.0
1952-08-30,350.0,156.0,0.0,0.0,0.0
1952-08-31,333.0,167.0,0.0,0.0,0.0
1952-09-01,322.0,183.0,8.0,0.0,0.0
1952-09-02,317.0,172.0,0.0,0.0,0.0
1952-09-03,256.0,117.0,8.0,0.0,0.0
1952-09-04,261.0,56.0,0.0,0.0,0.0
1952-09-05,317.0,67.0,0.0,0.0,0.0
1952-09-06,322.0,83.0,0.0,0.0,0.0
1952-09-07,311.0,133.0,0.0,0.0,0.0
1952-09-08,322.0,106.0,0.0,0.0,0.0
1952-09-09,306.0,100.0,0.0,0.0,0.0
1952-09-10,350.0,83.0,0.0,0.0,0.0
1952-09-11,356.0,72.0,0.0,0.0,0.0
1952-09-12,383.0,78.0,0.0,0.0,0.0
1952-09-13,389.0,89.0,0.0,0.0,0.0
1952-09-14,389.0,100.0,0.0,0.0,0.0
1952-09-15,328.0,172.0,213.0,0.0,0.0
1952-09-16,278.0,106.0,0.0,0.0,0.0
1952-09-17,272.0,83.0,0.0,0.0,0.0
1952-09-18,250.0,133.0,25.0,0.0,0.0
1952-09-19,239.0,139.0,157.0,0.0,0.0
1952-09-20,256.0,94.0,0.0,0.0,0.0
1952-09-21,244.0,89.0,0.0,0.0,0.0
1952-09-22,244.0,44.0,5.0,0.0,0.0
1952-09-23,244.0,61.0,0.0,0.0,0.0
1952-09-24,244.0,17.0,0.0,0.0,0.0
1952-09-25,283.0,17.0,0.0,0.0,0.0
1952-09-26,289.0,28.0,0.0,0.0,0.0
1952-09-27,289.0,39.0,0.0,0.0,0.0
1952-09-28,322.0,17.0,0.0,0.0,0.0
1952-09-29,311.0,78.0,0.0,0.0,0.0
1952-09-30,322.0,83.0,0.0,0.0,0.0
1952-10-01,328.0,89.0,0.0,0.0,0.0
1952-10-02,311.0,111.0,81.0,0.0,0.0
1952-10-03,178.0,67.0,0.0,0.0,0.0
1952-10-04,244.0,-28.0,0.0,0.0,0.0
1952-10-05,244.0,61.0,0.0,0.0,0.0
1952-10-06,250.0,56.0,0.0,0.0,0.0
1952-10-07,122.0,28.0,48.0,0.0,0.0
1952-10-08,194.0,-17.0,0.0,0.0,0.0
1952-10-09,189.0,56.0,18.0,0.0,0.0
1952-10-10,178.0,78.0,0.0,0.0,0.0
1952-10-11,150.0,89.0,38.0,0.0,0.0
1952-10-12,194.0,89.0,0.0,0.0,0.0
1952-10-13,272.0,22.0,0.0,0.0,0.0
1952-10-14,278.0,33.0,0.0,0.0,0.0
1952-10-15,272.0,44.0,0.0,0.0,0.0
1952-10-16,228.0,33.0,0.0,0.0,0.0
1952-10-17,233.0,-28.0,0.0,0.0,0.0
1952-10-18,222.0,-22.0,0.0,0.0,0.0
1952-10-19,183.0,0.0,0.0,0.0,0.0
1952-10-20,156.0,11.0,0.0,0.0,0.0
1952-10-21,128.0,-100.0,0.0,0.0,0.0
1952-10-22,200.0,-83.0,0.0,0.0,0.0
1952-10-23,194.0,-72.0,0.0,0.0,0.0
1952-10-24,228.0,-44.0,0.0,0.0,0.0
1952-10-25,156.0,-44.0,0.0,0.0,0.0
1952-10-26,211.0,-56.0,0.0,0.0,0.0
1952-10-27,239.0,22.0,0.0,0.0,0.0
1952-10-28,228.0,56.0,0.0,0.0,0.0
1952-10-29,94.0,11.0,0.0,0.0,0.0
1952-10-30,150.0,-78.0,0.0,0.0,0.0
1952-10-31,200.0,-50.0,0.0,0.0,0.0
1952-11-01,200.0,33.0,0.0,0.0,0.0
1952-11-02,233.0,72.0,0.0,0.0,0.0
1952-11-03,211.0,61.0,13.0,0.0,0.0
1952-11-04,117.0,-50.0,0.0,0.0,0.0
1952-11-05,189.0,-67.0,0.0,0.0,0.0
1952-11-06,172.0,72.0,0.0,0.0,0.0
1952-11-07,100.0,0.0,0.0,0.0,0.0
1952-11-08,100.0,-83.0,0.0,0.0,0.0
1952-11-09,128.0,-33.0,36.0,0.0,0.0
1952-11-10,100.0,44.0,117.0,0.0,0.0
1952-11-11,100.0,44.0,0.0,0.0,0.0
1952-11-12,111.0,-50.0,0.0,0.0,0.0
1952-11-13,211.0,-56.0,0.0,0.0,0.0
1952-11-14,233.0,-56.0,0.0,0.0,0.0
1952-11-15,206.0,33.0,8.0,0.0,0.0
1952-11-16,206.0,-6.0,0.0,0.0,0.0
1952-11-17,222.0,33.0,0.0,0.0,0.0
1952-11-18,217.0,22.0,0.0,0.0,0.0
1952-11-19,217.0,117.0,46.0,0.0,0.0
1952-11-20,156.0,72.0,114.0,0.0,0.0
1952-11-21,106.0,61.0,86.0,0.0,0.0
1952-11-22,111.0,-11.0,3.0,0.0,0.0
1952-11-23,94.0,28.0,8.0,0.0,0.0
1952-11-24,178.0,-6.0,0.0,0.0,0.0
1952-11-25,211.0,28.0,0.0,0.0,0.0
1952-11-26,200.0,67.0,0.0,0.0,0.0
1952-11-27,139.0,-11.0,0.0,0.0,0.0
1952-11-28,44.0,-56.0,0.0,0.0,0.0
1952-11-29,28.0,-133.0,0.0,0.0,0.0
1952-11-30,39.0,-44.0,61.0,76.0,
1952-12-01,72.0,-128.0,0.0,25.0,
1952-12-02,67.0,-61.0,53.0,,
1952-12-03,67.0,11.0,0.0,,
1952-12-04,183.0,-72.0,0.0,,
1952-12-05,189.0,6.0,102.0,,
1952-12-06,78.0,0.0,0.0,,
1952-12-07,183.0,-72.0,0.0,,
1952-12-08,206.0,-17.0,0.0,,
1952-12-09,250.0,-11.0,0.0,,
1952-12-10,217.0,44.0,157.0,,
1952-12-11,111.0,0.0,249.0,,
1952-12-12,44.0,-44.0,0.0,,
1952-12-13,17.0,-17.0,48.0,,
1952-12-14,17.0,-50.0,0.0,,
1952-12-15,17.0,-33.0,0.0,,
1952-12-16,78.0,-61.0,0.0,,
1952-12-17,133.0,-83.0,0.0,,
1952-12-18,106.0,-33.0,0.0,,
1952-12-19,128.0,-28.0,0.0,,
1952-12-20,100.0,-11.0,15.0,,
1952-12-21,78.0,50.0,5.0,,
1952-12-22,133.0,39.0,0.0,,
1952-12-23,139.0,-6.0,10.0,,
1952-12-24,139.0,44.0,0.0,,
1952-12-25,67.0,17.0,0.0,,
1952-12-26,67.0,-17.0,0.0,,
1952-12-27,56.0,-83.0,0.0,,
1952-12-28,17.0,-144.0,0.0,,
1952-12-29,111.0,-133.0,0.0,,
1952-12-30,122.0,-89.0,0.0,,0.0
1952-12-31,94.0,0.0,94.0,,
1953-01-01,39.0,6.0,8.0,0.0,
1953-01-02,89.0,-83.0,0.0,0.0,
1953-01-03,6.0,-11.0,107.0,0.0,
1953-01-04,-22.0,-50.0,43.0,51.0,
1953-01-05,6.0,-111.0,0.0,25.0,
1953-01-06,6.0,-100.0,0.0,25.0,
1953-01-07,28.0,-22.0,173.0,25.0,
1953-01-08,139.0,6.0,157.0,0.0,
1953-01-09,178.0,39.0,0.0,0.0,
1953-01-10,139.0,17.0,51.0,0.0,
1953-01-11,128.0,-6.0,89.0,0.0,
1953-01-12,72.0,-44.0,25.0,0.0,
1953-01-13,156.0,-44.0,0.0,0.0,
1953-01-14,206.0,-33.0,0.0,0.0,
1953-01-15,200.0,-28.0,0.0,0.0,
1953-01-16,172.0,39.0,8.0,0.0,
1953-01-17,111.0,0.0,0.0,0.0,
1953-01-18,144.0,0.0,64.0,0.0,
1953-01-19,178.0,-44.0,0.0,0.0,
1953-01-20,172.0,0.0,0.0,0.0,
1953-01-21,111.0,50.0,213.0,0.0,
1953-01-22,144.0,39.0,0.0,0.0,
1953-01-23,206.0,-39.0,0.0,0.0,
1953-01-24,167.0,33.0,137.0,0.0,
1953-01-25,44.0,-28.0,53.0,0.0,
1953-01-26,17.0,-111.0,0.0,0.0,
1953-01-27,200.0,-44.0,0.0,0.0,
1953-01-28,183.0,17.0,97.0,0.0,
1953-01-29,44.0,-50.0,20.0,0.0,
1953-01-30,133.0,-117.0,0.0,0.0,
1953-01-31,167.0,22.0,0.0,0.0,
1953-02-01,156.0,6.0,305.0,,
1953-02-02,106.0,-89.0,0.0,,
1953-02-03,161.0,-28.0,0.0,,
1953-02-04,117.0,-11.0,0.0,,
1953-02-05,156.0,-100.0,0.0,,
1953-02-06,133.0,0.0,53.0,,
1953-02-07,117.0,6.0,64.0,,
1953-02-08,111.0,-72.0,0.0,,
1953-02-09,122.0,-89.0,0.0,,
1953-02-10,122.0,-83.0,0.0,,
1953-02-11,78.0,-28.0,102.0,,
1953-02-12,133.0,11.0,89.0,,
1953-02-13,22.0,-11.0,38.0,0.0,3.0
1953-02-14,150.0,-83.0,0.0,0.0,0.0
1953-02-15,150.0,-6.0,213.0,0.0,13.0
1953-02-16,128.0,-67.0,0.0,0.0,0.0
1953-02-17,100.0,-61.0,0.0,0.0,0.0
1953-02-18,78.0,-133.0,0.0,0.0,0.0
1953-02-19,139.0,-67.0,0.0,0.0,0.0
1953-02-20,144.0,-22.0,20.0,0.0,0.0
1953-02-21,183.0,100.0,89.0,0.0,0.0
1953-02-22,111.0,-39.0,0.0,0.0,0.0
1953-02-23,161.0,-106.0,0.0,0.0,0.0
1953-02-24,128.0,-56.0,0.0,0.0,0.0
1953-02-25,128.0,0.0,0.0,0.0,0.0
1953-02-26,111.0,44.0,0.0,0.0,0.0
1953-02-27,139.0,44.0,0.0,0.0,0.0
1953-02-28,133.0,-22.0,0.0,0.0,0.0
1953-03-01,139.0,-39.0,0.0,0.0,
1953-03-02,83.0,-22.0,74.0,25.0,
1953-03-03,122.0,11.0,213.0,0.0,
1953-03-04,122.0,44.0,53.0,0.0,
1953-03-05,94.0,-11.0,15.0,0.0,
1953-03-06,178.0,-33.0,0.0,0.0,
1953-03-07,150.0,-78.0,0.0,0.0,
1953-03-08,89.0,-44.0,48.0,0.0,
1953-03-09,94.0,-78.0,0.0,0.0,
1953-03-10,167.0,-78.0,0.0,0.0,
1953-03-11,178.0,-67.0,0.0,0.0,
1953-03-12,206.0,11.0,0.0,0.0,
1953-03-13,183.0,94.0,28.0,0.0,
1953-03-14,256.0,0.0,0.0,0.0,
1953-03-15,256.0,106.0,117.0,0.0,
1953-03-16,256.0,61.0,0.0,0.0,
1953-03-17,200.0,-28.0,0.0,0.0,
1953-03-18,194.0,11.0,30.0,0.0,
1953-03-19,167.0,11.0,5.0,0.0,
1953-03-20,183.0,-44.0,0.0,0.0,
1953-03-21,278.0,-17.0,0.0,0.0,
1953-03-22,256.0,67.0,0.0,0.0,
1953-03-23,222.0,111.0,0.0,0.0,
1953-03-24,200.0,61.0,196.0,0.0,
1953-03-25,189.0,17.0,10.0,0.0,
1953-03-26,39.0,0.0,15.0,0.0,
1953-03-27,61.0,-6.0,5.0,0.0,
1953-03-28,111.0,-22.0,0.0,0.0,
1953-03-29,44.0,22.0,0.0,0.0,
1953-03-30,67.0,6.0,0.0,0.0,
1953-03-31,211.0,-61.0,0.0,0.0,
1953-04-01,228.0,78.0,23.0,0.0,0.0
1953-04-02,189.0,67.0,23.0,0.0,0.0
1953-04-03,211.0,67.0,0.0,0.0,0.0
1953-04-04,206.0,28.0,0.0,0.0,0.0
1953-04-05,172.0,-44.0,0.0,0.0,0.0
1953-04-06,167.0,44.0,81.0,0.0,0.0
1953-04-07,122.0,67.0,56.0,0.0,0.0
1953-04-08,200.0,33.0,0.0,0.0,0.0
1953-04-09,267.0,50.0,66.0,0.0,0.0
1953-04-10,256.0,122.0,208.0,0.0,0.0
1953-04-11,206.0,72.0,0.0,0.0,0.0
1953-04-12,200.0,72.0,127.0,0.0,0.0
1953-04-13,178.0,28.0,36.0,0.0,0.0
1953-04-14,139.0,0.0,0.0,0.0,0.0
1953-04-15,167.0,-44.0,0.0,0.0,0.0
1953-04-16,133.0,22.0,79.0,0.0,0.0
1953-04-17,189.0,-39.0,0.0,0.0,0.0
1953-04-18,178.0,56.0,58.0,0.0,0.0
1953-04-19,128.0,-11.0,66.0,0.0,0.0
1953-04-20,94.0,-44.0,36.0,0.0,
1953-04-21,144.0,-17.0,36.0,0.0,
1953-04-22,228.0,-33.0,0.0,0.0,0.0
1953-04-23,256.0,167.0,0.0,0.0,0.0
1953-04-24,289.0,33.0,0.0,0.0,0.0
1953-04-25,289.0,122.0,0.0,0.0,0.0
1953-04-26,250.0,94.0,112.0,0.0,0.0
1953-04-27,167.0,39.0,41.0,0.0,0.0
1953-04-28,111.0,33.0,0.0,0.0,0.0
1953-04-29,278.0,50.0,0.0,0.0,0.0
1953-04-30,278.0,94.0,0.0,0.0,0.0
1953-05-01,283.0,117.0,0.0,0.0,0.0
1953-05-02,289.0,111.0,18.0,0.0,0.0
1953-05-03,289.0,56.0,0.0,0.0,0.0
1953-05-04,311.0,78.0,33.0,0.0,0.0
1953-05-05,261.0,144.0,180.0,0.0,0.0
1953-05-06,261.0,167.0,66.0,0.0,0.0
1953-05-07,217.0,117.0,76.0,0.0,0.0
1953-05-08,222.0,83.0,41.0,0.0,0.0
1953-05-09,256.0,100.0,33.0,0.0,0.0
1953-05-10,306.0,72.0,0.0,0.0,0.0
1953-05-11,328.0,83.0,0.0,0.0,0.0
1953-05-12,322.0,122.0,0.0,0.0,0.0
1953-05-13,317.0,122.0,91.0,0.0,0.0
1953-05-14,294.0,133.0,0.0,0.0,0.0
1953-05-15,283.0,167.0,99.0,0.0,0.0
1953-05-16,256.0,144.0,41.0,0.0,0.0
1953-05-17,278.0,144.0,33.0,0.0,0.0
1953-05-18,267.0,150.0,0.0,0.0,0.0
1953-05-19,244.0,150.0,66.0,0.0,0.0
1953-05-20,294.0,139.0,0.0,0.0,0.0
1953-05-21,311.0,100.0,0.0,0.0,0.0
1953-05-22,300.0,172.0,434.0,0.0,0.0
1953-05-23,300.0,161.0,86.0,0.0,0.0
1953-05-24,283.0,111.0,23.0,0.0,0.0
1953-05-25,339.0,117.0,0.0,0.0,0.0
1953-05-26,322.0,172.0,0.0,0.0,0.0
1953-05-27,311.0,122.0,0.0,0.0,0.0
1953-05-28,233.0,11.0,0.0,0.0,0.0
1953-05-29,289.0,39.0,0.0,0.0,0.0
1953-05-30,339.0,122.0,0.0,0.0,0.0
1953-05-31,344.0,200.0,0.0,0.0,0.0
1953-06-01,350.0,128.0,0.0,0.0,0.0
1953-06-02,272.0,72.0,0.0,0.0,0.0
1953-06-03,289.0,44.0,0.0,0.0,0.0
1953-06-04,328.0,72.0,0.0,0.0,0.0
1953-06-05,328.0,111.0,0.0,0.0,0.0
1953-06-06,344.0,117.0,0.0,0.0,0.0
1953-06-07,328.0,172.0,20.0,0.0,0.0
1953-06-08,344.0,144.0,0.0,0.0,0.0
1953-06-09,361.0,189.0,0.0,0.0,0.0
1953-06-10,350.0,144.0,38.0,0.0,0.0
1953-06-11,289.0,128.0,0.0,0.0,0.0
1953-06-12,344.0,111.0,0.0,0.0,0.0
1953-06-13,306.0,139.0,0.0,0.0,0.0
1953-06-14,283.0,111.0,0.0,0.0,0.0
1953-06-15,300.0,83.0,0.0,0.0,0.0
1953-06-16,322.0,100.0,0.0,0.0,0.0
1953-06-17,311.0,183.0,300.0,0.0,0.0
1953-06-18,294.0,189.0,0.0,0.0,0.0
1953-06-19,322.0,139.0,0.0,0.0,0.0
1953-06-20,367.0,156.0,0.0,0.0,0.0
1953-06-21,383.0,161.0,0.0,0.0,0.0
1953-06-22,378.0,189.0,13.0,0.0,0.0
1953-06-23,322.0,133.0,0.0,0.0,0.0
1953-06-24,372.0,128.0,0.0,0.0,0.0
1953-06-25,361.0,144.0,0.0,0.0,0.0
1953-06-26,361.0,156.0,0.0,0.0,0.0
1953-06-27,350.0,189.0,13.0,0.0,0.0
1953-06-28,317.0,189.0,196.0,0.0,0.0
1953-06-29,333.0,200.0,663.0,0.0,0.0
1953-06-30,350.0,211.0,0.0,0.0,0.0
1953-07-01,356.0,178.0,13.0,0.0,0.0
1953-07-02,339.0,211.0,168.0,0.0,0.0
1953-07-03,317.0,200.0,163.0,0.0,0.0
1953-07-04,333.0,144.0,0.0,0.0,0.0
1953-07-05,333.0,172.0,3.0,0.0,0.0
1953-07-06,333.0,189.0,0.0,0.0,0.0
1953-07-07,322.0,211.0,46.0,0.0,0.0
1953-07-08,322.0,167.0,0.0,0.0,0.0
1953-07-09,317.0,139.0,0.0,0.0,0.0
1953-07-10,317.0,83.0,0.0,0.0,0.0
1953-07-11,283.0,72.0,0.0,0.0,0.0
1953-07-12,311.0,89.0,0.0,0.0,0.0
1953-07-13,328.0,100.0,0.0,0.0,0.0
1953-07-14,333.0,133.0,0.0,0.0,0.0
1953-07-15,350.0,133.0,0.0,0.0,0.0
1953-07-16,367.0,156.0,0.0,0.0,0.0
1953-07-17,361.0,178.0,0.0,0.0,0.0
1953-07-18,344.0,183.0,0.0,0.0,0.0
1953-07-19,322.0,172.0,38.0,0.0,0.0
1953-07-20,350.0,156.0,0.0,0.0,0.0
1953-07-21,372.0,183.0,0.0,0.0,0.0
1953-07-22,356.0,178.0,38.0,0.0,0.0
1953-07-23,306.0,194.0,0.0,0.0,0.0
1953-07-24,306.0,128.0,0.0,0.0,0.0
1953-07-25,328.0,89.0,0.0,0.0,0.0
1953-07-26,344.0,128.0,0.0,0.0,0.0
1953-07-27,356.0,150.0,0.0,0.0,0.0
1953-07-28,356.0,178.0,0.0,0.0,0.0
1953-07-29,372.0,156.0,0.0,0.0,0.0
1953-07-30,372.0,178.0,0.0,0.0,0.0
1953-07-31,367.0,211.0,0.0,0.0,0.0
1953-08-01,367.0,144.0,0.0,0.0,0.0
1953-08-02,350.0,211.0,56.0,0.0,0.0
1953-08-03,350.0,211.0,43.0,0.0,0.0
1953-08-04,344.0,178.0,0.0,0.0,0.0
1953-08-05,339.0,217.0,386.0,0.0,0.0
1953-08-06,283.0,189.0,0.0,0.0,0.0
1953-08-07,322.0,178.0,0.0,0.0,0.0
1953-08-08,317.0,161.0,41.0,0.0,0.0
1953-08-09,311.0,167.0,422.0,0.0,0.0
1953-08-10,272.0,144.0,25.0,0.0,0.0
1953-08-11,322.0,150.0,0.0,0.0,0.0
1953-08-12,356.0,144.0,0.0,0.0,0.0
1953-08-13,350.0,156.0,0.0,0.0,0.0
1953-08-14,344.0,167.0,0.0,0.0,0.0
1953-08-15,333.0,156.0,0.0,0.0,0.0
1953-08-16,339.0,139.0,0.0,0.0,0.0
1953-08-17,350.0,128.0,0.0,0.0,0.0
1953-08-18,289.0,111.0,0.0,0.0,0.0
1953-08-19,283.0,67.0,0.0,0.0,0.0
1953-08-20,283.0,67.0,0.0,0.0,0.0
1953-08-21,311.0,83.0,0.0,0.0,0.0
1953-08-22,333.0,89.0,0.0,0.0,0.0
1953-08-23,322.0,94.0,0.0,0.0,0.0
1953-08-24,328.0,89.0,0.0,0.0,0.0
1953-08-25,350.0,94.0,0.0,0.0,0.0
1953-08-26,361.0,106.0,0.0,0.0,0.0
1953-08-27,372.0,111.0,0.0,0.0,0.0
1953-08-28,389.0,128.0,0.0,0.0,0.0
1953-08-29,389.0,133.0,0.0,0.0,0.0
1953-08-30,389.0,139.0,0.0,0.0,0.0
1953-08-31,394.0,128.0,0.0,0.0,0.0
1953-09-01,394.0,150.0,0.0,0.0,0.0
1953-09-02,400.0,172.0,0.0,0.0,0.0
1953-09-03,406.0,178.0,0.0,0.0,0.0
1953-09-04,406.0,172.0,23.0,0.0,0.0
1953-09-05,239.0,139.0,178.0,0.0,0.0
1953-09-06,261.0,72.0,0.0,0.0,0.0
1953-09-07,256.0,78.0,0.0,0.0,0.0
1953-09-08,267.0,72.0,0.0,0.0,0.0
1953-09-09,278.0,50.0,0.0,0.0,0.0
1953-09-10,306.0,56.0,0.0,0.0,0.0
1953-09-11,311.0,72.0,0.0,0.0,0.0
1953-09-12,300.0,156.0,64.0,0.0,0.0
1953-09-13,283.0,83.0,0.0,0.0,0.0
1953-09-14,250.0,6.0,0.0,0.0,0.0
1953-09-15,306.0,56.0,0.0,0.0,0.0
1953-09-16,300.0,61.0,0.0,0.0,0.0
1953-09-17,289.0,56.0,0.0,0.0,0.0
1953-09-18,333.0,39.0,0.0,0.0,0.0
1953-09-19,311.0,133.0,0.0,0.0,0.0
1953-09-20,283.0,167.0,48.0,0.0,0.0
1953-09-21,256.0,122.0,25.0,0.0,0.0
1953-09-22,239.0,33.0,0.0,0.0,0.0
1953-09-23,244.0,0.0,0.0,0.0,0.0
1953-09-24,289.0,6.0,0.0,0.0,0.0
1953-09-25,267.0,78.0,0.0,0.0,0.0
1953-09-26,256.0,106.0,0.0,0.0,0.0
1953-09-27,317.0,111.0,0.0,0.0,0.0
1953-09-28,317.0,56.0,0.0,0.0,0.0
1953-09-29,378.0,44.0,0.0,0.0,0.0
1953-09-30,372.0,44.0,0.0,0.0,0.0
1953-10-01,372.0,100.0,0.0,0.0,0.0
1953-10-02,339.0,50.0,0.0,0.0,0.0
1953-10-03,333.0,56.0,0.0,0.0,0.0
1953-10-04,339.0,44.0,0.0,0.0,0.0
1953-10-05,311.0,128.0,0.0,0.0,0.0
1953-10-06,200.0,94.0,25.0,0.0,0.0
1953-10-07,167.0,61.0,0.0,0.0,0.0
1953-10-08,233.0,-44.0,0.0,0.0,0.0
1953-10-09,256.0,-17.0,0.0,0.0,0.0
1953-10-10,267.0,-11.0,0.0,0.0,0.0
1953-10-11,278.0,-6.0,0.0,0.0,0.0
1953-10-12,283.0,39.0,0.0,0.0,0.0
1953-10-13,267.0,6.0,0.0,0.0,0.0
1953-10-14,294.0,11.0,0.0,0.0,0.0
1953-10-15,289.0,44.0,0.0,0.0,0.0
1953-10-16,278.0,33.0,0.0,0.0,0.0
1953-10-17,294.0,22.0,0.0,0.0,0.0
1953-10-18,322.0,39.0,0.0,0.0,0.0
1953-10-19,317.0,56.0,0.0,0.0,0.0
1953-10-20,311.0,33.0,0.0,0.0,0.0
1953-10-21,294.0,39.0,0.0,0.0,0.0
1953-10-22,267.0,11.0,0.0,0.0,0.0
1953-10-23,256.0,-6.0,0.0,0.0,0.0
1953-10-24,233.0,72.0,0.0,0.0,0.0
1953-10-25,128.0,83.0,10.0,0.0,0.0
1953-10-26,222.0,6.0,0.0,0.0,0.0
1953-10-27,217.0,28.0,23.0,0.0,0.0
1953-10-28,206.0,89.0,28.0,0.0,0.0
1953-10-29,156.0,61.0,5.0,0.0,0.0
1953-10-30,178.0,0.0,15.0,0.0,0.0
1953-10-31,228.0,-39.0,0.0,0.0,0.0
1953-11-01,228.0,-28.0,0.0,0.0,0.0
1953-11-02,233.0,-28.0,0.0,0.0,0.0
1953-11-03,244.0,-17.0,0.0,0.0,0.0
1953-11-04,244.0,-22.0,0.0,0.0,0.0
1953-11-05,156.0,-72.0,0.0,0.0,0.0
1953-11-06,44.0,-56.0,0.0,0.0,0.0
1953-11-07,33.0,-56.0,0.0,0.0,0.0
1953-11-08,111.0,0.0,0.0,0.0,0.0
1953-11-09,139.0,-56.0,0.0,0.0,0.0
1953-11-10,150.0,-78.0,0.0,0.0,0.0
1953-11-11,167.0,-89.0,0.0,0.0,0.0
1953-11-12,150.0,-61.0,0.0,0.0,0.0
1953-11-13,156.0,-78.0,0.0,0.0,0.0
1953-11-14,167.0,-78.0,0.0,0.0,0.0
1953-11-15,200.0,-78.0,0.0,0.0,0.0
1953-11-16,228.0,-33.0,0.0,0.0,0.0
1953-11-17,222.0,-56.0,0.0,0.0,0.0
1953-11-18,211.0,-67.0,0.0,0.0,0.0
1953-11-19,244.0,-61.0,0.0,0.0,0.0
1953-11-20,233.0,-39.0,0.0,0.0,0.0
1953-11-21,239.0,111.0,0.0,0.0,0.0
1953-11-22,233.0,17.0,0.0,0.0,0.0
1953-11-23,211.0,39.0,112.0,0.0,0.0
1953-11-24,,-11.0,0.0,0.0,0.0
1953-11-25,,6.0,66.0,0.0,0.0
1953-11-26,,-22.0,5.0,0.0,0.0
1953-11-27,,-22.0,25.0,0.0,0.0
1953-11-28,,0.0,0.0,0.0,0.0
1953-11-29,,-111.0,0.0,0.0,0.0
1953-11-30,,-22.0,51.0,0.0,0.0
1953-12-01,,6.0,0.0,0.0,
1953-12-02,,-94.0,0.0,0.0,
1953-12-03,,-94.0,0.0,0.0,
1953-12-04,,17.0,0.0,0.0,
1953-12-05,,-33.0,20.0,0.0,
1953-12-06,,-11.0,10.0,0.0,
1953-12-07,,17.0,107.0,0.0,
1953-12-08,183.0,-83.0,0.0,0.0,
1953-12-09,150.0,-44.0,46.0,0.0,
1953-12-10,167.0,11.0,46.0,0.0,
1953-12-11,83.0,-106.0,0.0,0.0,
1953-12-12,83.0,22.0,64.0,0.0,
1953-12-13,94.0,39.0,10.0,0.0,
1953-12-14,111.0,28.0,221.0,,
1953-12-15,83.0,-17.0,38.0,76.0,
1953-12-16,-17.0,-67.0,30.0,76.0,
1953-12-17,-11.0,-139.0,0.0,,
1953-12-18,-50.0,-133.0,8.0,,
1953-12-19,22.0,-122.0,0.0,0.0,
1953-12-20,122.0,6.0,0.0,0.0,
1953-12-21,106.0,-56.0,0.0,0.0,
1953-12-22,156.0,50.0,38.0,0.0,
1953-12-23,156.0,-28.0,0.0,0.0,
1953-12-24,-6.0,-133.0,0.0,0.0,
1953-12-25,44.0,-122.0,0.0,0.0,
1953-12-26,72.0,-72.0,0.0,0.0,
1953-12-27,89.0,-83.0,0.0,0.0,
1953-12-28,89.0,-50.0,38.0,0.0,
1953-12-29,83.0,28.0,20.0,0.0,
1953-12-30,83.0,11.0,0.0,0.0,
1953-12-31,56.0,-22.0,0.0,0.0,
1954-01-01,122.0,-50.0,0.0,,
1954-01-02,144.0,-83.0,0.0,,
1954-01-03,139.0,-6.0,36.0,,
1954-01-04,89.0,0.0,0.0,,
1954-01-05,50.0,0.0,20.0,,
1954-01-06,50.0,-28.0,43.0,,
1954-01-07,17.0,-28.0,8.0,,
1954-01-08,94.0,-78.0,0.0,,
1954-01-09,133.0,-72.0,33.0,,
1954-01-10,133.0,-22.0,51.0,,
1954-01-11,17.0,-67.0,112.0,178.0,
1954-01-12,-22.0,-111.0,8.0,178.0,
1954-01-13,-61.0,-167.0,0.0,,
1954-01-14,17.0,-106.0,36.0,152.0,
1954-01-15,56.0,6.0,30.0,,
1954-01-16,44.0,11.0,79.0,,
1954-01-17,44.0,-72.0,8.0,,
1954-01-18,122.0,-178.0,0.0,,
1954-01-19,183.0,-17.0,0.0,,
1954-01-20,200.0,11.0,0.0,,
1954-01-21,178.0,11.0,36.0,,
1954-01-22,17.0,-56.0,53.0,25.0,
1954-01-23,100.0,-122.0,0.0,,
1954-01-24,156.0,-78.0,0.0,,
1954-01-25,128.0,39.0,0.0,,
1954-01-26,200.0,61.0,0.0,,
1954-01-27,178.0,44.0,33.0,,
1954-01-28,50.0,-44.0,0.0,,
1954-01-29,28.0,-100.0,0.0,,
1954-01-30,100.0,-67.0,0.0,,
1954-01-31,83.0,-78.0,0.0,,
1954-02-01,94.0,-106.0,0.0,,
1954-02-02,111.0,-22.0,0.0,,
1954-02-03,100.0,0.0,76.0,,
1954-02-04,44.0,-67.0,10.0,,
1954-02-05,33.0,-28.0,5.0,,
1954-02-06,11.0,-22.0,0.0,,
1954-02-07,0.0,-56.0,0.0,,
1954-02-08,-6.0,-111.0,25.0,,
1954-02-09,61.0,-22.0,0.0,,
1954-02-10,161.0,-106.0,0.0,,
1954-02-11,161.0,-61.0,0.0,,
1954-02-12,61.0,-89.0,0.0,,
1954-02-13,67.0,-133.0,0.0,,
1954-02-14,217.0,6.0,0.0,,
1954-02-15,233.0,89.0,0.0,,
1954-02-16,228.0,89.0,0.0,,
1954-02-17,211.0,11.0,53.0,,
1954-02-18,144.0,-22.0,0.0,,
1954-02-19,194.0,-72.0,0.0,,
1954-02-20,178.0,0.0,10.0,,
1954-02-21,167.0,72.0,132.0,,
1954-02-22,144.0,28.0,0.0,,
1954-02-23,178.0,-67.0,0.0,,
1954-02-24,178.0,44.0,15.0,,
1954-02-25,156.0,-44.0,0.0,,
1954-02-26,161.0,6.0,25.0,,
1954-02-27,211.0,-6.0,0.0,,
1954-02-28,211.0,33.0,8.0,,
1954-03-01,167.0,-11.0,335.0,178.0,
1954-03-02,89.0,-78.0,0.0,,
1954-03-03,83.0,-39.0,20.0,,
1954-03-04,-11.0,-117.0,8.0,,
1954-03-05,11.0,-106.0,0.0,,
1954-03-06,28.0,-128.0,0.0,,
1954-03-07,117.0,-89.0,0.0,,
1954-03-08,117.0,-67.0,0.0,,
1954-03-09,183.0,-56.0,0.0,,
1954-03-10,172.0,17.0,0.0,,
1954-03-11,117.0,0.0,94.0,,
1954-03-12,100.0,6.0,107.0,,
1954-03-13,222.0,22.0,114.0,,
1954-03-14,217.0,0.0,41.0,,
1954-03-15,22.0,-44.0,8.0,,
1954-03-16,61.0,-28.0,0.0,,
1954-03-17,94.0,-83.0,0.0,,
1954-03-18,156.0,-67.0,0.0,,
1954-03-19,183.0,-22.0,0.0,,
1954-03-20,139.0,39.0,56.0,,
1954-03-21,67.0,-39.0,0.0,,
1954-03-22,111.0,-106.0,0.0,,
1954-03-23,111.0,33.0,8.0,,
1954-03-24,211.0,-17.0,0.0,,
1954-03-25,311.0,89.0,10.0,,
1954-03-26,222.0,100.0,46.0,,
1954-03-27,156.0,-33.0,0.0,,
1954-03-28,233.0,-28.0,0.0,,
1954-03-29,244.0,22.0,0.0,,
1954-03-30,239.0,22.0,109.0,,
1954-03-31,50.0,-6.0,0.0,,
1954-04-01,83.0,-44.0,10.0,0.0,0.0
1954-04-02,172.0,-67.0,0.0,0.0,0.0
1954-04-03,167.0,17.0,0.0,0.0,0.0
1954-04-04,83.0,-39.0,13.0,0.0,0.0
1954-04-05,178.0,17.0,20.0,0.0,0.0
1954-04-06,256.0,100.0,8.0,0.0,0.0
1954-04-07,283.0,67.0,0.0,0.0,0.0
1954-04-08,278.0,106.0,10.0,0.0,0.0
1954-04-09,217.0,-6.0,0.0,0.0,0.0
1954-04-10,250.0,-17.0,0.0,0.0,0.0
1954-04-11,250.0,111.0,107.0,0.0,0.0
1954-04-12,156.0,17.0,0.0,0.0,0.0
1954-04-13,233.0,-28.0,0.0,0.0,0.0
1954-04-14,256.0,11.0,0.0,0.0,0.0
1954-04-15,261.0,128.0,112.0,0.0,0.0
1954-04-16,261.0,139.0,99.0,0.0,0.0
1954-04-17,228.0,56.0,163.0,0.0,0.0
1954-04-18,272.0,22.0,0.0,0.0,0.0
1954-04-19,300.0,61.0,0.0,0.0,0.0
1954-04-20,311.0,50.0,0.0,0.0,0.0
1954-04-21,328.0,67.0,0.0,0.0,0.0
1954-04-22,328.0,111.0,0.0,0.0,0.0
1954-04-23,311.0,117.0,15.0,0.0,0.0
1954-04-24,283.0,94.0,38.0,0.0,0.0
1954-04-25,300.0,94.0,0.0,0.0,0.0
1954-04-26,322.0,89.0,0.0,0.0,0.0
1954-04-27,300.0,144.0,66.0,0.0,0.0
1954-04-28,194.0,56.0,104.0,0.0,0.0
1954-04-29,294.0,67.0,0.0,0.0,0.0
1954-04-30,294.0,122.0,0.0,0.0,0.0
1954-05-01,306.0,122.0,0.0,0.0,0.0
1954-05-02,339.0,122.0,0.0,0.0,0.0
1954-05-03,322.0,156.0,13.0,0.0,0.0
1954-05-04,156.0,39.0,76.0,0.0,0.0
1954-05-05,150.0,39.0,0.0,0.0,0.0
1954-05-06,183.0,17.0,0.0,0.0,0.0
1954-05-07,178.0,28.0,193.0,0.0,0.0
1954-05-08,150.0,78.0,13.0,0.0,0.0
1954-05-09,139.0,0.0,64.0,0.0,
1954-05-10,122.0,6.0,56.0,0.0,0.0
1954-05-11,156.0,17.0,0.0,0.0,0.0
1954-05-12,200.0,61.0,13.0,0.0,0.0
1954-05-13,200.0,17.0,0.0,0.0,0.0
1954-05-14,200.0,61.0,0.0,0.0,0.0
1954-05-15,200.0,89.0,0.0,0.0,0.0
1954-05-16,256.0,50.0,0.0,0.0,0.0
1954-05-17,256.0,128.0,15.0,0.0,0.0
1954-05-18,228.0,111.0,58.0,0.0,0.0
1954-05-19,211.0,61.0,0.0,0.0,0.0
1954-05-20,183.0,89.0,51.0,0.0,0.0
1954-05-21,178.0,28.0,0.0,0.0,0.0
1954-05-22,211.0,-6.0,0.0,0.0,0.0
1954-05-23,261.0,22.0,0.0,0.0,0.0
1954-05-24,261.0,33.0,0.0,0.0,0.0
1954-05-25,272.0,89.0,0.0,0.0,0.0
1954-05-26,283.0,78.0,0.0,0.0,0.0
1954-05-27,300.0,128.0,0.0,0.0,0.0
1954-05-28,317.0,106.0,0.0,0.0,0.0
1954-05-29,306.0,167.0,84.0,0.0,0.0
1954-05-30,289.0,83.0,0.0,0.0,0.0
1954-05-31,333.0,67.0,0.0,0.0,0.0
1954-06-01,333.0,144.0,15.0,0.0,0.0
1954-06-02,272.0,167.0,0.0,0.0,0.0
1954-06-03,289.0,94.0,0.0,0.0,0.0
1954-06-04,278.0,117.0,61.0,0.0,0.0
1954-06-05,183.0,111.0,10.0,0.0,0.0
1954-06-06,256.0,67.0,8.0,0.0,0.0
1954-06-07,283.0,78.0,0.0,0.0,0.0
1954-06-08,322.0,156.0,0.0,0.0,0.0
1954-06-09,322.0,156.0,284.0,0.0,0.0
1954-06-10,328.0,161.0,0.0,0.0,0.0
1954-06-11,322.0,178.0,203.0,0.0,0.0
1954-06-12,350.0,161.0,0.0,0.0,0.0
1954-06-13,367.0,161.0,0.0,0.0,0.0
1954-06-14,339.0,156.0,20.0,0.0,0.0
1954-06-15,350.0,167.0,0.0,0.0,0.0
1954-06-16,344.0,172.0,0.0,0.0,0.0
1954-06-17,256.0,183.0,56.0,0.0,0.0
1954-06-18,256.0,161.0,25.0,0.0,0.0
1954-06-19,311.0,94.0,0.0,0.0,0.0
1954-06-20,328.0,117.0,0.0,0.0,0.0
1954-06-21,339.0,122.0,0.0,0.0,0.0
1954-06-22,356.0,161.0,0.0,0.0,0.0
1954-06-23,356.0,194.0,124.0,0.0,0.0
1954-06-24,339.0,106.0,0.0,0.0,0.0
1954-06-25,339.0,111.0,0.0,0.0,0.0
1954-06-26,339.0,117.0,46.0,0.0,0.0
1954-06-27,339.0,200.0,198.0,0.0,0.0
1954-06-28,283.0,83.0,0.0,0.0,0.0
1954-06-29,283.0,94.0,0.0,0.0,0.0
1954-06-30,289.0,106.0,0.0,0.0,0.0
1954-07-01,344.0,150.0,0.0,0.0,0.0
1954-07-02,367.0,150.0,0.0,0.0,0.0
1954-07-03,372.0,172.0,208.0,0.0,0.0
1954-07-04,372.0,178.0,25.0,0.0,0.0
1954-07-05,372.0,167.0,226.0,0.0,0.0
1954-07-06,272.0,100.0,0.0,0.0,0.0
1954-07-07,289.0,128.0,0.0,0.0,0.0
1954-07-08,272.0,156.0,483.0,0.0,0.0
1954-07-09,278.0,94.0,0.0,0.0,0.0
1954-07-10,306.0,111.0,0.0,0.0,0.0
1954-07-11,306.0,172.0,0.0,0.0,0.0
1954-07-12,322.0,144.0,0.0,0.0,0.0
1954-07-13,361.0,172.0,0.0,0.0,0.0
1954-07-14,372.0,200.0,0.0,0.0,0.0
1954-07-15,350.0,200.0,196.0,0.0,0.0
1954-07-16,278.0,89.0,0.0,0.0,0.0
1954-07-17,333.0,100.0,0.0,0.0,0.0
1954-07-18,339.0,,0.0,0.0,0.0
1954-07-19,322.0,200.0,500.0,0.0,0.0
1954-07-20,311.0,156.0,0.0,0.0,0.0
1954-07-21,239.0,183.0,579.0,0.0,0.0
1954-07-22,294.0,194.0,0.0,0.0,0.0
1954-07-23,283.0,106.0,0.0,0.0,0.0
1954-07-24,289.0,117.0,0.0,0.0,0.0
1954-07-25,306.0,106.0,0.0,0.0,0.0
1954-07-26,306.0,122.0,0.0,0.0,0.0
1954-07-27,339.0,122.0,0.0,0.0,0.0
1954-07-28,356.0,133.0,0.0,0.0,0.0
1954-07-29,350.0,150.0,10.0,0.0,0.0
1954-07-30,356.0,161.0,0.0,0.0,0.0
1954-07-31,361.0,111.0,0.0,0.0,0.0
1954-08-01,361.0,189.0,246.0,0.0,0.0
1954-08-02,311.0,189.0,0.0,0.0,0.0
1954-08-03,278.0,183.0,185.0,0.0,0.0
1954-08-04,283.0,144.0,0.0,0.0,0.0
1954-08-05,289.0,189.0,203.0,0.0,0.0
1954-08-06,267.0,144.0,66.0,0.0,0.0
1954-08-07,256.0,122.0,0.0,0.0,0.0
1954-08-08,294.0,106.0,0.0,0.0,0.0
1954-08-09,317.0,156.0,114.0,0.0,0.0
1954-08-10,283.0,167.0,61.0,0.0,0.0
1954-08-11,261.0,128.0,0.0,0.0,0.0
1954-08-12,233.0,78.0,0.0,0.0,0.0
1954-08-13,289.0,94.0,0.0,0.0,0.0
1954-08-14,283.0,117.0,25.0,0.0,0.0
1954-08-15,300.0,150.0,64.0,0.0,0.0
1954-08-16,317.0,178.0,0.0,0.0,0.0
1954-08-17,311.0,189.0,81.0,0.0,0.0
1954-08-18,300.0,167.0,150.0,0.0,0.0
1954-08-19,311.0,200.0,0.0,0.0,0.0
1954-08-20,306.0,172.0,142.0,0.0,0.0
1954-08-21,300.0,194.0,13.0,0.0,0.0
1954-08-22,317.0,144.0,0.0,0.0,0.0
1954-08-23,317.0,167.0,38.0,0.0,0.0
1954-08-24,350.0,178.0,0.0,0.0,0.0
1954-08-25,339.0,183.0,48.0,0.0,0.0
1954-08-26,317.0,189.0,216.0,0.0,0.0
1954-08-27,322.0,189.0,0.0,0.0,0.0
1954-08-28,294.0,189.0,25.0,0.0,0.0
1954-08-29,322.0,156.0,0.0,0.0,0.0
1954-08-30,294.0,161.0,23.0,0.0,0.0
1954-08-31,256.0,144.0,0.0,0.0,0.0
1954-09-01,272.0,89.0,0.0,0.0,0.0
1954-09-02,272.0,83.0,0.0,0.0,0.0
1954-09-03,317.0,150.0,30.0,0.0,0.0
1954-09-04,344.0,133.0,0.0,0.0,0.0
1954-09-05,350.0,122.0,0.0,0.0,0.0
1954-09-06,378.0,144.0,0.0,0.0,0.0
1954-09-07,367.0,156.0,0.0,0.0,0.0
1954-09-08,333.0,178.0,147.0,0.0,0.0
1954-09-09,311.0,144.0,0.0,0.0,0.0
1954-09-10,294.0,161.0,119.0,0.0,0.0
1954-09-11,222.0,83.0,0.0,0.0,0.0
1954-09-12,256.0,78.0,0.0,0.0,0.0
1954-09-13,289.0,67.0,0.0,0.0,0.0
1954-09-14,306.0,100.0,0.0,0.0,0.0
1954-09-15,328.0,150.0,0.0,0.0,0.0
1954-09-16,322.0,139.0,0.0,0.0,0.0
1954-09-17,328.0,122.0,0.0,0.0,0.0
1954-09-18,322.0,144.0,0.0,0.0,0.0
1954-09-19,317.0,150.0,170.0,0.0,0.0
1954-09-20,317.0,178.0,206.0,0.0,0.0
1954-09-21,256.0,150.0,150.0,0.0,0.0
1954-09-22,211.0,94.0,0.0,0.0,0.0
1954-09-23,233.0,56.0,0.0,0.0,0.0
1954-09-24,272.0,33.0,0.0,0.0,0.0
1954-09-25,278.0,78.0,0.0,0.0,0.0
1954-09-26,267.0,117.0,0.0,0.0,0.0
1954-09-27,289.0,83.0,0.0,0.0,0.0
1954-09-28,328.0,83.0,0.0,0.0,0.0
1954-09-29,322.0,122.0,0.0,0.0,0.0
1954-09-30,294.0,150.0,0.0,0.0,0.0
1954-10-01,294.0,194.0,36.0,0.0,0.0
1954-10-02,267.0,189.0,381.0,0.0,0.0
1954-10-03,267.0,150.0,53.0,0.0,0.0
1954-10-04,294.0,161.0,0.0,0.0,0.0
1954-10-05,311.0,194.0,81.0,0.0,0.0
1954-10-06,283.0,128.0,168.0,0.0,0.0
1954-10-07,139.0,22.0,0.0,0.0,0.0
1954-10-08,167.0,-22.0,0.0,0.0,0.0
1954-10-09,217.0,78.0,0.0,0.0,0.0
1954-10-10,256.0,111.0,0.0,0.0,0.0
1954-10-11,289.0,106.0,0.0,0.0,0.0
1954-10-12,311.0,128.0,0.0,0.0,0.0
1954-10-13,294.0,144.0,0.0,0.0,0.0
1954-10-14,300.0,128.0,0.0,0.0,0.0
1954-10-15,272.0,78.0,574.0,0.0,0.0
1954-10-16,144.0,44.0,145.0,0.0,0.0
1954-10-17,144.0,72.0,0.0,0.0,0.0
1954-10-18,128.0,28.0,0.0,0.0,0.0
1954-10-19,117.0,-6.0,0.0,0.0,0.0
1954-10-20,128.0,-28.0,64.0,0.0,0.0
1954-10-21,161.0,-6.0,0.0,0.0,0.0
1954-10-22,194.0,6.0,0.0,0.0,0.0
1954-10-23,211.0,-6.0,0.0,0.0,0.0
1954-10-24,222.0,0.0,0.0,0.0,0.0
1954-10-25,256.0,0.0,0.0,0.0,0.0
1954-10-26,222.0,50.0,0.0,0.0,0.0
1954-10-27,189.0,122.0,193.0,0.0,0.0
1954-10-28,189.0,-6.0,0.0,0.0,0.0
1954-10-29,144.0,56.0,142.0,0.0,0.0
1954-10-30,100.0,0.0,64.0,0.0,0.0
1954-10-31,33.0,6.0,0.0,0.0,0.0
1954-11-01,83.0,-39.0,0.0,0.0,0.0
1954-11-02,83.0,-22.0,0.0,0.0,0.0
1954-11-03,44.0,-39.0,254.0,0.0,0.0
1954-11-04,50.0,-17.0,0.0,0.0,0.0
1954-11-05,56.0,-11.0,66.0,0.0,0.0
1954-11-06,78.0,-11.0,0.0,0.0,0.0
1954-11-07,161.0,-67.0,0.0,0.0,0.0
1954-11-08,194.0,-50.0,0.0,0.0,0.0
1954-11-09,156.0,-39.0,0.0,0.0,0.0
1954-11-10,156.0,-61.0,0.0,0.0,0.0
1954-11-11,183.0,-72.0,0.0,0.0,0.0
1954-11-12,161.0,-22.0,0.0,0.0,0.0
1954-11-13,183.0,-44.0,0.0,0.0,0.0
1954-11-14,222.0,-22.0,0.0,0.0,0.0
1954-11-15,206.0,-17.0,0.0,0.0,0.0
1954-11-16,178.0,0.0,0.0,0.0,0.0
1954-11-17,272.0,22.0,0.0,0.0,0.0
1954-11-18,267.0,50.0,0.0,0.0,0.0
1954-11-19,239.0,83.0,8.0,0.0,0.0
1954-11-20,194.0,72.0,5.0,0.0,0.0
1954-11-21,161.0,33.0,61.0,0.0,0.0
1954-11-22,150.0,22.0,0.0,0.0,0.0
1954-11-23,128.0,-22.0,0.0,0.0,0.0
1954-11-24,89.0,22.0,20.0,0.0,0.0
1954-11-25,67.0,0.0,43.0,0.0,0.0
1954-11-26,61.0,6.0,0.0,0.0,0.0
1954-11-27,72.0,-39.0,33.0,0.0,0.0
1954-11-28,122.0,-22.0,0.0,0.0,0.0
1954-11-29,117.0,6.0,58.0,0.0,0.0
1954-11-30,61.0,-6.0,0.0,0.0,0.0
